4.753991247480484184e+00 -7.957490729356166970e-01 4.182078902250655261e+00 2.222896885739018558e-01 3.974371598217428136e+00 -5.898201252254063887e-01
1.355065849574407011e+01 -8.922579844395774895e-01 2.031067077595266213e+01 3.461624325888190690e-02 2.090398196292969857e+01 6.248193217078457096e-01
6.136742790225929056e+00 -1.025423245863686050e+00 6.474644918438043462e+00 2.367451612333582034e-02 2.072003282624629250e+01 8.043845206296058592e-01
1.193929361567539971e+01 7.187167086627663792e-01 1.099616689842488526e+01 -4.917347943413481470e-01 1.296684509954055287e+01 8.618454782661189029e-02
4.987641445073176527e+00 -5.605405966954276620e-01 1.739605003986490672e+01 1.788772013188166810e-03 1.733742791529447658e+01 8.941923119373784701e-01
4.445370837735319824e+00 -1.759139641028166778e-01 5.350124089274030936e+00 5.430811571725238096e-01 1.172293099658644877e+01 -8.992263020332469381e-01
1.044456689424327678e+01 4.940529074048720659e-01 1.389650988448124380e+01 -2.046881983952251183e-01 1.976090110154457591e+01 6.935642745818482169e-02
1.576827901078777217e+01 -7.415058165078357577e-01 1.508198163147356752e+01 -9.983840937425317863e-01 1.655399662867224464e+01 -8.113021226900828387e-01
4.686739195355105636e+00 -5.692079399492357972e-01 1.079121397045431152e+01 5.266763099838946971e-01 1.663429579775551304e+01 -1.374041308168617137e+00
6.671071422016749963e+00 -7.026307796390260929e-01 9.400062265509873782e+00 -1.491762406133377628e+00 9.088950991576691507e+00 6.363886014566930704e-01
7.173634359486214862e+00 3.998845147433300884e-01 2.045647258877453467e+01 3.271373319470554097e-01 2.085412487419071326e+01 -5.082160551431915696e-01
4.063719002455084883e+00 8.799503131173156412e-01 4.733219764254806172e+00 -1.018645823131022699e+00 1.759053021287009599e+01 -1.505220460714900010e+00
3.774846538210967939e+00 -9.470706193445902477e-01 1.445772872012498311e+01 -1.458419693227909875e+00 2.026781182855220109e+01 -1.203714685078645541e+00
1.698117175187495675e+01 3.349929574341303784e-02 1.795041342460531197e+01 2.534601918207988192e-01 2.018185092960069582e+01 -1.031255761389433534e+00
7.952372281177189528e+00 -2.386247434345720730e-01 1.172834439023888109e+01 3.164865961669405259e-01 1.181646381862142192e+01 -1.194919553896724773e+00
1.121244318115640937e+01 -1.022517193804489022e+00 1.710613078814738230e+01 -9.570714383637415335e-01 1.722379350042772472e+01 6.834825645453528331e-01
8.464511809082978289e+00 -1.517231833994963086e+00 1.061681729223848691e+01 7.888524518828448073e-01 1.853241694364279368e+01 -1.428934989314929460e-01
4.641395425757398385e+00 9.940900203529747792e-01 6.102170765484793868e+00 -8.343826514966590224e-02 7.319576073746569378e+00 8.813431704506742292e-01
7.331608149590790546e+00 -1.343889540498508062e+00 7.243137787699773789e+00 -1.441050093922700226e+00 1.685314251226803961e+01 4.150462726885184583e-01
1.279281889960687835e+01 -8.190235868964059751e-01 1.351818542432392434e+01 9.440823605727026724e-01 1.541080789807860896e+01 1.352206519619665315e-01
4.576871364221581473e+00 6.071547996762349797e-01 8.826725520804767910e+00 -9.119214116783663782e-01 1.305349667748648201e+01 -1.924646453118781242e-01
9.897745268261097351e+00 9.417081062145684633e-01 8.972438411678229642e+00 -1.131601671643707174e+00 1.033638713517209951e+01 8.436608890904842006e-01
4.505117274064301292e+00 -1.479683817714790850e+00 9.467680890621551271e+00 -1.209762863969204183e+00 2.050881995719854345e+01 -1.847231596437846068e-01
5.838113769060375269e+00 3.012801988871149916e-01 1.292202660667542347e+01 -4.106514377011227790e-01 1.421631376637675004e+01 1.010732327005103848e-02
1.347962667168568274e+01 5.551619964395917428e-01 1.440445814180529993e+01 7.073069587006775016e-01 1.858219651715498344e+01 -1.259984673158736523e+00
1.104021846811632024e+01 2.138191529799471358e-01 1.051683571324339539e+01 -1.257274841231890150e-01 1.726671607822936849e+01 5.166258915572612409e-01
5.113574093132593035e+00 3.651326063712940773e-01 1.812402513703275986e+01 5.041277929601695185e-02 1.981578734369328032e+01 -1.439485931520675388e+00
6.740034599416044436e+00 -1.195705713762865940e+00 1.391227494332277814e+01 -1.311160115185017183e-01 2.012297842984812135e+01 -4.802827399957361187e-01
9.396193602255195287e+00 3.969657929776690963e-01 1.029134891161567644e+01 -8.061277159323834152e-01 1.442446291045556350e+01 -1.229318293735656820e+00
6.523834689058726433e+00 8.680735079271455490e-01 7.570372639776143053e+00 -3.541271839642192720e-01 2.061443744583053572e+01 -1.535361221909475216e+00
7.042082086324555235e+00 -6.506827634812887284e-01 7.186334964808272829e+00 -1.475281936494033053e+00 1.688869970779520102e+01 -1.160663102066415764e+00
7.039751697980456413e+00 2.716987560817401004e-01 1.435605393665410645e+01 -1.435738712856240218e+00 2.017080168949145857e+01 -1.270930451899346281e+00
7.198629228585054385e+00 -9.054672483371178915e-01 1.403585822650359560e+01 -1.457721570366957264e+00 1.981166026580281425e+01 -9.788313452969592543e-01
7.391119357793373368e+00 -1.388985730826689746e+00 1.546251313804226157e+01 -9.921074595826050446e-01 2.041807541294353712e+01 -1.140849941807906776e+00
6.677839747503905521e+00 -9.027730992074934901e-01 1.237489987460230623e+01 -1.450681055590431034e+00 1.686256308062528930e+01 -9.987868419808587639e-02
7.339622875348219111e+00 -1.292562208268772217e+00 1.329000050688559043e+01 -1.503282190870137036e+00 1.990839563021491543e+01 3.902337464229184150e-01
6.118099669008920216e+00 -1.303960831863896219e+00 1.295399349722416105e+01 -1.540000000000000036e+00 1.693268336633809312e+01 -1.024626202357106663e+00
6.018325051520834634e+00 -9.090260400902112625e-01 1.165677539029175236e+01 -1.530075214641947623e+00 1.969120587565880243e+01 -1.128305088737278750e+00
7.180848080935593458e+00 -5.206689430120514661e-01 1.075666026686241494e+01 -1.540000000000000036e+00 1.927418732869143270e+01 -8.490649986395931714e-01
1.071941967352284131e+01 -1.296469253120072773e+00 1.576714875327994392e+01 -1.540000000000000036e+00 1.682563140637276078e+01 4.120148527010505379e-01
7.418167397004847174e+00 -7.081706272093784005e-01 1.347275774823268435e+01 -8.996352780453424902e-01 1.852459450114356798e+01 -3.858834873474532579e-01
6.847410330751104723e+00 -1.241221329293827891e+00 8.126489176402085235e+00 -1.540000000000000036e+00 1.583011932962752866e+01 -4.992060527963040339e-01
6.782157769840440054e+00 -8.567692502038474212e-01 1.449398709367295268e+01 -1.456423464043287819e+00 2.043847177155630490e+01 -9.496032125776892041e-01
6.983398310416777832e+00 -9.961529726836501064e-01 1.256118294334235230e+01 -1.540000000000000036e+00 1.687179019606812247e+01 4.120186210879586142e-01
7.213261730799955807e+00 -4.859914925665265173e-01 6.774431259087139168e+00 -1.450348852542233669e+00 1.559043585118845243e+01 4.090278929278761133e-01
3.700000000000000178e+00 2.529560599069164972e-01 2.042751874672993395e+01 -1.540000000000000036e+00 2.100000000000000000e+01 -1.540000000000000036e+00
7.377837536771767901e+00 -7.540635019280990115e-01 1.297156287130239960e+01 -1.540000000000000036e+00 1.675597718610326581e+01 -9.626476109786075153e-01
7.667602523082957866e+00 -6.516174357035405817e-01 1.394588320208765708e+01 -1.445070352884811449e+00 1.673520126657757601e+01 -9.151313076547080705e-01
7.229879023385735515e+00 -7.429169066593129811e-01 1.271216937644819822e+01 -1.540000000000000036e+00 1.960200380197755976e+01 -1.048887562968511045e+00
7.229232819578147229e+00 -7.585359532169563268e-01 1.770843853681999747e+01 -1.510051557163609504e+00 1.788094655436947633e+01 -1.224909435716921013e+00
7.352936983090211598e+00 -1.336799570750782484e+00 8.011728954582864048e+00 -1.540000000000000036e+00 1.677339949583640077e+01 3.497737936615845644e-01
9.136215313650495773e+00 -1.540000000000000036e+00 1.628437451343146236e+01 -1.540000000000000036e+00 2.100000000000000000e+01 -1.540000000000000036e+00
8.473500482092303443e+00 -1.540000000000000036e+00 9.045642236347136489e+00 -1.540000000000000036e+00 1.637269875986585177e+01 1.000000000000000000e+00
8.805704801335370036e+00 -6.313194243517342708e-01 2.100000000000000000e+01 -1.540000000000000036e+00 2.100000000000000000e+01 -1.540000000000000036e+00
7.922085736286505586e+00 -1.392257709269311583e+00 1.904173208457779509e+01 -1.540000000000000036e+00 2.100000000000000000e+01 1.000000000000000000e+00
8.399680620277820253e+00 -9.160530370058380667e-01 1.717560013457737611e+01 -1.540000000000000036e+00 2.100000000000000000e+01 1.790671030073274217e-01
8.241455747237097285e+00 -1.540000000000000036e+00 2.100000000000000000e+01 -1.540000000000000036e+00 2.100000000000000000e+01 1.000000000000000000e+00
3.700000000000000178e+00 1.000000000000000000e+00 2.100000000000000000e+01 -1.540000000000000036e+00 2.100000000000000000e+01 -1.540000000000000036e+00
7.703636998177148421e+00 -2.140210588632600608e-01 1.804230652040017446e+01 -1.540000000000000036e+00 2.100000000000000000e+01 1.000000000000000000e+00
8.235388761255745038e+00 -1.540000000000000036e+00 2.100000000000000000e+01 -1.540000000000000036e+00 2.100000000000000000e+01 -1.540000000000000036e+00
8.836569471538865628e+00 -5.975243943654457990e-01 1.324859006593015565e+01 -1.540000000000000036e+00 2.100000000000000000e+01 -1.540000000000000036e+00
6.215575822375358328e+00 1.000000000000000000e+00 1.941230087093760304e+01 -1.540000000000000036e+00 1.995349882604881842e+01 9.196273769013063593e-01
8.630546624253085497e+00 -1.382972033649879862e+00 2.027625869662139024e+01 6.181485652472460401e-01 2.047734537822339718e+01 8.965736048603027974e-01
2.100000000000000000e+01 1.000000000000000000e+00 2.100000000000000000e+01 1.000000000000000000e+00 2.100000000000000000e+01 1.000000000000000000e+00
2.100000000000000000e+01 1.000000000000000000e+00 2.100000000000000000e+01 -1.540000000000000036e+00 2.100000000000000000e+01 1.000000000000000000e+00
2.100000000000000000e+01 -2.117570619532824772e-01 2.100000000000000000e+01 1.000000000000000000e+00 2.100000000000000000e+01 -1.376887170985206854e+00
3.700000000000000178e+00 -1.540000000000000036e+00 2.100000000000000000e+01 -1.540000000000000036e+00 2.100000000000000000e+01 -1.540000000000000036e+00
3.700000000000000178e+00 1.000000000000000000e+00 1.609540563457811757e+01 -1.540000000000000036e+00 2.100000000000000000e+01 -1.540000000000000036e+00
1.059490167865348198e+01 -1.540000000000000036e+00 1.541841545442485284e+01 -1.540000000000000036e+00 1.842020395047770265e+01 -1.540000000000000036e+00
6.759508201773789082e+00 1.000000000000000000e+00 1.639990089643405113e+01 -1.540000000000000036e+00 2.100000000000000000e+01 -1.540000000000000036e+00
9.733465414930428494e+00 -1.290666336047162632e+00 1.654665817861687671e+01 -4.945608340437259720e-01 1.695260206697482630e+01 -1.173577202021002019e+00
3.700000000000000178e+00 1.000000000000000000e+00 2.100000000000000000e+01 -1.540000000000000036e+00 2.100000000000000000e+01 1.000000000000000000e+00
3.700000000000000178e+00 1.000000000000000000e+00 3.700000000000000178e+00 -1.540000000000000036e+00 2.100000000000000000e+01 1.000000000000000000e+00
3.700000000000000178e+00 -1.540000000000000036e+00 1.612950567627338216e+01 -1.540000000000000036e+00 2.100000000000000000e+01 -1.540000000000000036e+00
3.700000000000000178e+00 1.000000000000000000e+00 2.100000000000000000e+01 1.000000000000000000e+00 2.100000000000000000e+01 1.000000000000000000e+00
8.884104082483922582e+00 -6.709569098872602000e-01 1.363213762546237362e+01 -1.499039460203057894e+00 1.441566724299424251e+01 -1.497465711570457270e+00
1.164087132149018800e+01 -1.540000000000000036e+00 2.100000000000000000e+01 1.000000000000000000e+00 2.028262439870913525e+01 -9.404069867372052416e-01
8.070451976573171038e+00 -3.949986154452538312e-01 7.278048292285159704e+00 -1.540000000000000036e+00 2.100000000000000000e+01 -1.540000000000000036e+00
9.715230873266198941e+00 -1.540000000000000036e+00 8.893214337319570006e+00 -1.540000000000000036e+00 2.100000000000000000e+01 6.484208197908336579e-01
5.762219981063172902e+00 -1.540000000000000036e+00 2.100000000000000000e+01 -1.540000000000000036e+00 2.100000000000000000e+01 1.000000000000000000e+00
1.064081755036057686e+01 -1.540000000000000036e+00 2.100000000000000000e+01 -1.540000000000000036e+00 2.100000000000000000e+01 -1.540000000000000036e+00
3.700000000000000178e+00 1.000000000000000000e+00 3.700000000000000178e+00 -1.540000000000000036e+00 2.100000000000000000e+01 -1.540000000000000036e+00
3.700000000000000178e+00 1.000000000000000000e+00 3.700000000000000178e+00 -1.540000000000000036e+00 3.700000000000000178e+00 -1.540000000000000036e+00
9.946205355195024467e+00 -1.308617268851066662e+00 1.051412270369941027e+01 -1.279475567376292089e+00 1.394225857003035074e+01 -1.482442807845343102e+00
6.312177907604777261e+00 -4.928296031240104735e-01 1.841883220180894298e+01 -1.857783747480612480e-01 1.919009296615537963e+01 -1.014093577438471616e+00
6.524225828347168132e+00 2.399999375236874233e-01 6.831566639707467914e+00 -1.508232436240082963e+00 1.266313008542329044e+01 -7.765611341234024412e-01
3.700000000000000178e+00 1.000000000000000000e+00 3.700000000000000178e+00 -1.540000000000000036e+00 1.959317912495222558e+01 -8.060689793122581825e-01
8.311538077759557552e+00 -1.540000000000000036e+00 1.516270441844983452e+01 -4.309128531765193948e-02 2.100000000000000000e+01 -1.429871224594188694e+00
6.422435609070898721e+00 7.748749361518569856e-02 6.486411831143714224e+00 -1.528137947823237308e+00 1.096171254122201688e+01 -1.519838773226174222e+00
1.074871178284435302e+01 -1.540000000000000036e+00 2.100000000000000000e+01 -1.540000000000000036e+00 2.100000000000000000e+01 1.000000000000000000e+00
9.041104912110574432e+00 -8.263179282585010332e-01 2.100000000000000000e+01 -1.540000000000000036e+00 2.100000000000000000e+01 -4.241589761844897222e-01
7.585316361837969978e+00 -2.214398583311221191e-01 2.100000000000000000e+01 -1.540000000000000036e+00 2.100000000000000000e+01 -1.540000000000000036e+00
4.149240846541287553e+00 8.238019174366373321e-02 3.700000000000000178e+00 -1.540000000000000036e+00 7.342950572957159139e+00 -1.143198794606757440e+00
8.275616077566898099e+00 1.000000000000000000e+00 2.100000000000000000e+01 -1.540000000000000036e+00 2.100000000000000000e+01 -1.540000000000000036e+00
8.950969614462099599e+00 -8.042280442563649601e-01 2.100000000000000000e+01 -1.540000000000000036e+00 2.100000000000000000e+01 1.000000000000000000e+00
1.402953699994935732e+01 -1.540000000000000036e+00 2.100000000000000000e+01 -1.540000000000000036e+00 2.100000000000000000e+01 -1.540000000000000036e+00
9.815685234765414435e+00 -1.000687228346996083e+00 2.100000000000000000e+01 -1.540000000000000036e+00 2.100000000000000000e+01 -1.540000000000000036e+00
9.484583760474990299e+00 -6.121850084615162446e-01 1.010791803591049032e+01 -1.540000000000000036e+00 2.100000000000000000e+01 1.000000000000000000e+00
1.979223691201627844e+01 -1.527325698726348158e+00 2.068373141321891850e+01 5.553726596551893380e-01 2.082795111991676862e+01 3.466280913500410232e-01
3.700000000000000178e+00 -1.540000000000000036e+00 3.700000000000000178e+00 -1.540000000000000036e+00 2.100000000000000000e+01 -1.540000000000000036e+00
3.700000000000000178e+00 1.904146055589646114e-01 2.100000000000000000e+01 -1.540000000000000036e+00 2.100000000000000000e+01 1.000000000000000000e+00
6.296721516640327643e+00 3.352920217396282432e-02 1.131012707563397868e+01 -1.540000000000000036e+00 2.100000000000000000e+01 -1.540000000000000036e+00
7.906875607261083516e+00 -5.869941479459752642e-01 2.100000000000000000e+01 -1.540000000000000036e+00 2.100000000000000000e+01 -1.151227304719637523e-02
3.700000000000000178e+00 1.000000000000000000e+00 1.134115545327995100e+01 -1.540000000000000036e+00 2.100000000000000000e+01 -1.540000000000000036e+00
3.700000000000000178e+00 -1.540000000000000036e+00 1.241938979947473953e+01 -1.540000000000000036e+00 2.100000000000000000e+01 -1.540000000000000036e+00
2.100000000000000000e+01 1.000000000000000000e+00 2.100000000000000000e+01 1.000000000000000000e+00 2.100000000000000000e+01 -1.540000000000000036e+00
9.874193507427143857e+00 -1.540000000000000036e+00 2.100000000000000000e+01 -1.540000000000000036e+00 2.100000000000000000e+01 -2.838861467276316830e-01
8.912544795826214283e+00 -6.799380587705045054e-01 1.045000141570314156e+01 -1.540000000000000036e+00 1.372543341057471622e+01 -4.106918004511910247e-01
9.146422715835237582e+00 -1.004042721479748712e+00 2.100000000000000000e+01 -9.320738789427518434e-01 2.100000000000000000e+01 -4.274771128437062639e-01
1.011715606596583683e+01 -1.176728413034535459e+00 1.898927154567463660e+01 -1.497788011635643235e+00 1.803998504571644901e+01 -7.916842679912480252e-01
9.631521874357574120e+00 -8.573863708008584439e-01 1.045663285141647236e+01 -1.540000000000000036e+00 2.100000000000000000e+01 -8.287108943851430043e-01
8.854543146744781268e+00 -1.162306537854618460e+00 2.100000000000000000e+01 -1.540000000000000036e+00 2.100000000000000000e+01 -7.241866980007591881e-01
3.700000000000000178e+00 -2.397977585362798258e-01 2.100000000000000000e+01 -1.540000000000000036e+00 2.100000000000000000e+01 -1.540000000000000036e+00
3.700000000000000178e+00 1.000000000000000000e+00 3.700000000000000178e+00 1.000000000000000000e+00 3.700000000000000178e+00 -1.540000000000000036e+00
1.319216562086060662e+01 -1.540000000000000036e+00 2.100000000000000000e+01 -1.540000000000000036e+00 2.100000000000000000e+01 8.657531295273854788e-01
7.295111479015075062e+00 -3.200672904432189103e-01 1.443697251104469359e+01 -1.540000000000000036e+00 2.100000000000000000e+01 -1.540000000000000036e+00
1.532213482159855999e+01 -1.540000000000000036e+00 2.100000000000000000e+01 1.000000000000000000e+00 2.100000000000000000e+01 1.000000000000000000e+00
1.581942157567320706e+01 -1.540000000000000036e+00 2.100000000000000000e+01 1.000000000000000000e+00 2.100000000000000000e+01 -1.540000000000000036e+00
1.141008952540930110e+01 -1.540000000000000036e+00 1.108302024318695089e+01 -1.540000000000000036e+00 2.100000000000000000e+01 -3.947873144920988064e-01
3.700000000000000178e+00 1.000000000000000000e+00 7.843835129219656643e+00 -1.540000000000000036e+00 2.100000000000000000e+01 -1.540000000000000036e+00
3.700000000000000178e+00 -5.893038020602991978e-02 4.992497390276238178e+00 -1.540000000000000036e+00 2.100000000000000000e+01 -1.540000000000000036e+00
7.940895375029136893e+00 -2.615215344363024386e-01 1.256302052356313581e+01 -1.509673011640779050e+00 1.220532743297527389e+01 -1.165080257817810994e+00
1.493410969359483076e+01 -1.540000000000000036e+00 1.413595220329897728e+01 -8.117429744189023078e-01 1.955327748177971259e+01 1.000000000000000000e+00
8.117915301993278376e+00 -2.622238028583325775e-01 1.940292568468349543e+01 -1.479573311973927163e+00 1.864320992774368690e+01 -6.864762355475991784e-01
2.100000000000000000e+01 -1.540000000000000036e+00 2.099957873902448569e+01 -1.540000000000000036e+00 2.100000000000000000e+01 -1.540000000000000036e+00
1.283189878561750064e+01 -1.540000000000000036e+00 1.506904324369476811e+01 -5.540628183509266336e-02 2.010983933530725665e+01 1.000000000000000000e+00
3.700000000000000178e+00 -1.540000000000000036e+00 2.100000000000000000e+01 -1.540000000000000036e+00 2.100000000000000000e+01 1.000000000000000000e+00
1.669842232689709860e+01 -1.540000000000000036e+00 1.923001693504393117e+01 -1.540000000000000036e+00 2.071721486356248576e+01 1.000000000000000000e+00
2.100000000000000000e+01 -1.540000000000000036e+00 2.100000000000000000e+01 -1.540000000000000036e+00 2.100000000000000000e+01 1.000000000000000000e+00
8.233357911325457579e+00 -3.564951719684847919e-01 7.234289921064353202e+00 -1.540000000000000036e+00 1.148453538081203718e+01 -1.035431269000268717e-01
8.312210044185938784e+00 -4.159893311647751002e-01 2.100000000000000000e+01 1.000000000000000000e+00 2.100000000000000000e+01 -1.540000000000000036e+00
3.700000000000000178e+00 -1.540000000000000036e+00 3.700000000000000178e+00 -1.540000000000000036e+00 2.100000000000000000e+01 1.000000000000000000e+00
1.518096975986192732e+01 -1.540000000000000036e+00 1.681153065598202190e+01 -1.540000000000000036e+00 2.005063715334097907e+01 -1.540000000000000036e+00
1.440675924691031895e+01 -1.540000000000000036e+00 1.752500771772714927e+01 -1.540000000000000036e+00 1.884921245371885234e+01 7.031503983566866900e-02
1.286167638132934954e+01 -1.540000000000000036e+00 2.100000000000000000e+01 -1.540000000000000036e+00 2.100000000000000000e+01 -8.029259805212110024e-01
8.351462810074131937e+00 -2.884027983186183697e-01 2.100000000000000000e+01 -1.540000000000000036e+00 2.100000000000000000e+01 1.000000000000000000e+00
9.166981845787958605e+00 -1.591955414851486950e-01 2.100000000000000000e+01 -1.540000000000000036e+00 2.100000000000000000e+01 1.000000000000000000e+00
1.247592759447422495e+01 -1.540000000000000036e+00 1.480417489737063264e+01 -1.540000000000000036e+00 1.391046189576473679e+01 -1.362106170631567581e+00
