7.070000000000000284e+01 3.971857142857142264e+01 2.929714285714285538e+01
6.378999999999999915e+01 4.215428571428571303e+01 3.684285714285714164e+01
4.932285714285714562e+01 4.468142857142856883e+01 3.886714285714285211e+01
5.230000000000000426e+01 4.522000000000000597e+01 3.264142857142857679e+01
6.166857142857142549e+01 3.976714285714285779e+01 3.994571428571428129e+01
5.938142857142857167e+01 3.200428571428572155e+01 2.709142857142856542e+01
7.488428571428570990e+01 4.444285714285713595e+01 3.927285714285714135e+01
5.024142857142857110e+01 4.999714285714286177e+01 3.702714285714285580e+01
6.125000000000000711e+01 4.323000000000000398e+01 2.990857142857142748e+01
7.015571428571428214e+01 4.476857142857142691e+01 4.381428571428571672e+01
5.917285714285713993e+01 4.725571428571429067e+01 3.936285714285714477e+01
6.117285714285713993e+01 5.033857142857143430e+01 4.581857142857143117e+01
6.065142857142858190e+01 9.000000000000000000e+01 2.782285714285713851e+01
5.225142857142856911e+01 4.678142857142857736e+01 3.697571428571428953e+01
7.469571428571428839e+01 5.221285714285714619e+01 3.728714285714285381e+01
7.611142857142857565e+01 5.182714285714284586e+01 4.165857142857143458e+01
7.168571428571428328e+01 4.768142857142857594e+01 4.937285714285714278e+01
5.760714285714285410e+01 4.869714285714286461e+01 4.295714285714286262e+01
7.859000000000000341e+01 5.563857142857142435e+01 9.000000000000000000e+01
7.832714285714286007e+01 4.454571428571428982e+01 3.590428571428571303e+01
7.039857142857141525e+01 4.950571428571428356e+01 3.733999999999999631e+01
5.067428571428571615e+01 4.301285714285714334e+01 3.773428571428571132e+01
6.056428571428571672e+01 4.423714285714284955e+01 2.438857142857142435e+01
7.960571428571428498e+01 4.876000000000000512e+01 4.115571428571428214e+01
5.250999999999999801e+01 4.021857142857142264e+01 3.575000000000000711e+01
5.779285714285713738e+01 4.674428571428571644e+01 3.927000000000000313e+01
8.480571428571428783e+01 5.421000000000000085e+01 4.384285714285714164e+01
9.000000000000000000e+01 3.945142857142857196e+01 3.449285714285714732e+01
6.791285714285713482e+01 4.337285714285714278e+01 4.820428571428571018e+01
7.155285714285713539e+01 4.613571428571429323e+01 4.054428571428571360e+01
9.050142857142857622e+01 5.410285714285713965e+01 3.442285714285714704e+01
8.415142857142856769e+01 6.031714285714285495e+01 4.038857142857143145e+01
8.136857142857142833e+01 6.643000000000000682e+01 5.394571428571428839e+01
5.826428571428571246e+01 4.905428571428571871e+01 3.720142857142857196e+01
8.794999999999998863e+01 5.321571428571429152e+01 4.764857142857142946e+01
7.442714285714285438e+01 5.635428571428570876e+01 4.211571428571429010e+01
6.800000000000000000e+01 5.230857142857142605e+01 3.888000000000000256e+01
6.985428571428570876e+01 4.475000000000000000e+01 3.077857142857143202e+01
7.883857142857142719e+01 5.326571428571429578e+01 4.338142857142857167e+01
6.973857142857143288e+01 5.596571428571428442e+01 4.056285714285714761e+01
6.362285714285713567e+01 4.159000000000000341e+01 4.934571428571427987e+01
7.283428571428571274e+01 4.700000000000000000e+01 3.785571428571428498e+01
7.043714285714285950e+01 5.434714285714286319e+01 4.653714285714285381e+01
8.650857142857142890e+01 4.049428571428571644e+01 4.949000000000000199e+01
7.448857142857143288e+01 4.956571428571429294e+01 4.223000000000000398e+01
5.531857142857143117e+01 5.964857142857142946e+01 4.296571428571428442e+01
9.701999999999999602e+01 6.178000000000000114e+01 3.874285714285714732e+01
7.383714285714285097e+01 5.299142857142857821e+01 4.115571428571428214e+01
7.923142857142858020e+01 5.956428571428571672e+01 4.991285714285714903e+01
8.306142857142857849e+01 5.563571428571428612e+01 4.730714285714285694e+01
5.442857142857142350e+01 5.154000000000000625e+01 3.087571428571428456e+01
9.217428571428571615e+01 6.804999999999999716e+01 4.257428571428570763e+01
7.036285714285715187e+01 4.411428571428571388e+01 4.512714285714285722e+01
7.875428571428571445e+01 5.952857142857143202e+01 4.697999999999999687e+01
8.243571428571428328e+01 6.420142857142856485e+01 9.000000000000000000e+01
7.060999999999999943e+01 5.105714285714285694e+01 3.991428571428571104e+01
6.969285714285715017e+01 5.106857142857143117e+01 4.422714285714285154e+01
7.843142857142856883e+01 6.391714285714284927e+01 5.455428571428571161e+01
8.762714285714285722e+01 4.984571428571427987e+01 3.618142857142857594e+01
7.116571428571428726e+01 5.225857142857142179e+01 4.609285714285714874e+01
6.941142857142857281e+01 6.109714285714284898e+01 4.909428571428571075e+01
5.554571428571428982e+01 4.942142857142857082e+01 3.926285714285714334e+01
7.520714285714285552e+01 5.260714285714285410e+01 3.415000000000000568e+01
8.651714285714285779e+01 5.140142857142857480e+01 4.655000000000000426e+01
4.540285714285714391e+01 3.716714285714285637e+01 2.867571428571428171e+01
5.736714285714285921e+01 4.703285714285713937e+01 3.527857142857142492e+01
6.166714285714285637e+01 4.947571428571428953e+01 4.650285714285714533e+01
6.952571428571428669e+01 6.744714285714286461e+01 4.387857142857143344e+01
8.537714285714285722e+01 5.780857142857143316e+01 4.486428571428571388e+01
6.361999999999999744e+01 5.850285714285714533e+01 3.891857142857142549e+01
7.342714285714285438e+01 4.962142857142857366e+01 4.579571428571428271e+01
5.625714285714285268e+01 5.201714285714285069e+01 5.883571428571428186e+01
7.398714285714285666e+01 5.588428571428571701e+01 4.759714285714286319e+01
6.147714285714285154e+01 5.327571428571429379e+01 3.896571428571428442e+01
5.518857142857142861e+01 5.654285714285713738e+01 3.219857142857143373e+01
9.290571428571428214e+01 5.520857142857143174e+01 4.023714285714285666e+01
6.433857142857142719e+01 4.778142857142857736e+01 3.982285714285713851e+01
7.751999999999999602e+01 6.015571428571428925e+01 4.394857142857142662e+01
7.357285714285714562e+01 5.264571428571428413e+01 3.695142857142856485e+01
6.364571428571428413e+01 4.855428571428571871e+01 4.002142857142857224e+01
9.079571428571429692e+01 5.809285714285714874e+01 4.963428571428571701e+01
9.064571428571429124e+01 6.760857142857142321e+01 4.933999999999999631e+01
8.999714285714284756e+01 6.509285714285714164e+01 4.889714285714286035e+01
6.386428571428570677e+01 6.004714285714285182e+01 3.158428571428570919e+01
7.717285714285713993e+01 4.788428571428570990e+01 4.262142857142857366e+01
8.008857142857142719e+01 4.570428571428571729e+01 4.108428571428571985e+01
7.243571428571429749e+01 5.715571428571428925e+01 4.400714285714285268e+01
6.779999999999999716e+01 5.846857142857142264e+01 3.493857142857142861e+01
8.407142857142856940e+01 5.425714285714285978e+01 4.919285714285713595e+01
7.494000000000001194e+01 4.568428571428570706e+01 5.422714285714285154e+01
9.226857142857143401e+01 6.058714285714286518e+01 4.577714285714286291e+01
7.366142857142857281e+01 5.718142857142856883e+01 5.023714285714285666e+01
6.046714285714285353e+01 3.666714285714285637e+01 2.546428571428571530e+01
5.945714285714285552e+01 4.732285714285714562e+01 3.745428571428571729e+01
7.385285714285714675e+01 5.877857142857143913e+01 4.564000000000000057e+01
7.821285714285714619e+01 5.212428571428571189e+01 4.957142857142856940e+01
6.286285714285714477e+01 5.417000000000000881e+01 4.959428571428571075e+01
7.485285714285714675e+01 4.720428571428571018e+01 3.928000000000000114e+01
7.391428571428571104e+01 4.949428571428570933e+01 3.116285714285714903e+01
5.906000000000000227e+01 5.258857142857142719e+01 4.245428571428571018e+01
6.240428571428571303e+01 5.110285714285713965e+01 4.125714285714285978e+01
7.551428571428570535e+01 6.339285714285713880e+01 5.372571428571428953e+01
8.834571428571427987e+01 5.451428571428571246e+01 5.256857142857143117e+01
6.722571428571428953e+01 6.522571428571428953e+01 4.430714285714285694e+01
5.844142857142857395e+01 5.285714285714286120e+01 4.269571428571428129e+01
5.149285714285714022e+01 3.720142857142857196e+01 4.522571428571428243e+01
9.425000000000000000e+01 6.200142857142857622e+01 4.630857142857143316e+01
7.964714285714286746e+01 4.719285714285715017e+01 4.031285714285714050e+01
8.225142857142857622e+01 5.344571428571428839e+01 4.337571428571428100e+01
7.813142857142857167e+01 4.614714285714285325e+01 5.032571428571428385e+01
7.809142857142856542e+01 5.110285714285713965e+01 3.671142857142856997e+01
6.383285714285713652e+01 4.746428571428571530e+01 4.267142857142857082e+01
6.719857142857142662e+01 4.404142857142857537e+01 4.287428571428571189e+01
8.003857142857143003e+01 5.151571428571428868e+01 3.654428571428572070e+01
8.729285714285714448e+01 4.635857142857142321e+01 4.275000000000000000e+01
8.203000000000000114e+01 5.334285714285713453e+01 4.838857142857142435e+01
8.063857142857142435e+01 5.807428571428571473e+01 3.959285714285714164e+01
6.375571428571429067e+01 6.501571428571428157e+01 4.127714285714285580e+01
8.725000000000000000e+01 4.995000000000000284e+01 4.986142857142856855e+01
8.444428571428571217e+01 4.868857142857142861e+01 3.784857142857143231e+01
5.231857142857143828e+01 4.655000000000000426e+01 2.939285714285714235e+01
8.368428571428570706e+01 5.131714285714286206e+01 4.447857142857143486e+01
8.730857142857142605e+01 5.206285714285714050e+01 3.981000000000000227e+01
7.993714285714285950e+01 5.535142857142857054e+01 4.185000000000000142e+01
7.085571428571428498e+01 5.457571428571428385e+01 5.342000000000000171e+01
6.359142857142856542e+01 4.718999999999999773e+01 3.871571428571428442e+01
6.360428571428571587e+01 4.776142857142857423e+01 5.085999999999999233e+01
8.667000000000000171e+01 5.695428571428571018e+01 4.723142857142856599e+01
5.416714285714285637e+01 4.462285714285714278e+01 3.793714285714285950e+01
7.163428571428570990e+01 5.555857142857143316e+01 4.045999999999999375e+01
7.579285714285714448e+01 4.997714285714285154e+01 4.271428571428571530e+01
5.284142857142857252e+01 4.088285714285714079e+01 3.018999999999999417e+01
8.217857142857143060e+01 6.058285714285713652e+01 4.069714285714285040e+01
9.136999999999999034e+01 5.948857142857142577e+01 5.253999999999999915e+01
8.642428571428570194e+01 6.207142857142857650e+01 5.699857142857143089e+01
9.569285714285715017e+01 5.344714285714285751e+01 4.509285714285714874e+01
6.498571428571429465e+01 4.371571428571429152e+01 3.325428571428571445e+01
9.275285714285715244e+01 5.164000000000000057e+01 4.797857142857142776e+01
