3.700000000000000178e+00 1.000000000000000000e+00
3.828934803710144053e+00 9.924812664155737707e-01
3.960646686419161178e+00 9.845770008878813595e-01
4.097912727125925691e+00 9.759016714736560294e-01
4.243510004829311733e+00 9.660697462296317095e-01
4.400215598528191663e+00 9.546956932125416628e-01
4.570806587221441397e+00 9.413939804791199295e-01
4.758060049907932409e+00 9.257790760860998835e-01
4.964753065586538838e+00 9.074654480902153431e-01
5.193662713256135710e+00 8.860675645481996821e-01
5.447566071915595387e+00 8.611998935167868297e-01
5.729240220563792008e+00 8.324769030527101599e-01
6.041462238199599710e+00 7.995130612127033798e-01
6.387009203821891745e+00 7.619228360535001965e-01
6.768658196429541363e+00 7.193206956318340950e-01
7.189186295021422701e+00 6.713211080044387824e-01
7.651370578596409899e+00 6.175385412280479658e-01
8.157988126153377095e+00 5.575874633593951302e-01
8.703256060690742757e+00 4.924108156204700659e-01
9.281391505206933346e+00 4.229515392332621748e-01
9.886611582700368217e+00 3.501525754197611917e-01
1.051313341616946850e+01 2.749568654019568514e-01
1.115517412861265889e+01 1.983073504018386390e-01
1.180695084302835696e+01 1.211469716413962616e-01
1.246268068241498739e+01 4.441867034261928054e-02
1.311658076977097309e+01 -3.093461227250263179e-02
1.376286822809473520e+01 -1.039699349819798585e-01
1.439576018038469130e+01 -1.737443565638227827e-01
1.500947374963926961e+01 -2.393149357960417944e-01
1.559822605885688773e+01 -2.997387314566472005e-01
1.615623423103596679e+01 -3.540728023236494604e-01
1.667771538917493501e+01 -4.013742071750588947e-01
1.715688665627220644e+01 -4.407000047888858241e-01
1.758796515532620575e+01 -4.711072539431406803e-01
1.797436541813829081e+01 -4.935100115512333629e-01
1.831950197650981238e+01 -5.088223345265734388e-01
1.862678936224213189e+01 -5.179582797825710294e-01
1.889964210713660009e+01 -5.218319042326355905e-01
1.914147474299457130e+01 -5.213572647901769663e-01
1.935570180161740339e+01 -5.174484183686052230e-01
1.954573781480645067e+01 -5.110194218813299827e-01
1.971499731436307101e+01 -5.029843322417609786e-01
1.986689483208861873e+01 -4.942572063633081103e-01
2.000484489978444813e+01 -4.857521011593810556e-01
2.013226204925191354e+01 -4.783830735433897696e-01
2.025256081229237282e+01 -4.730641804287439856e-01
2.036915572070717673e+01 -4.707094787288534365e-01
2.048546130629768669e+01 -4.722330253571280223e-01
2.060489210086525347e+01 -4.785488772269774760e-01
2.073086263621123493e+01 -4.905710912518115863e-01
2.086237151544233015e+01 -5.072129743253541712e-01
2.099841734166524532e+01 -5.273878333413291042e-01
2.113799871798667951e+01 -5.500089751934602589e-01
2.128011424751333891e+01 -5.739897067754713422e-01
2.142376253335192615e+01 -5.982433349810861722e-01
2.156794217860913676e+01 -6.216831667040285669e-01
2.171165178639168047e+01 -6.432225088380225664e-01
2.185388995980625282e+01 -6.617746682767917665e-01
2.199365530195956353e+01 -6.762529519140600964e-01
2.212994641595831169e+01 -6.855706666435511520e-01
2.226176190490919637e+01 -6.886411193589889734e-01
2.238810037191892377e+01 -6.843776169540974896e-01
2.250796042009420006e+01 -6.716934663226004076e-01
2.262034065254171367e+01 -6.495019743582213234e-01
2.272423967236817788e+01 -6.167164479546843880e-01
2.281865608268029888e+01 -5.722501940057134195e-01
2.290418254657271646e+01 -5.168332579828978091e-01
2.298141172714007396e+01 -4.511956853578272253e-01
2.305093628747702894e+01 -3.760675216020914480e-01
2.311334889067821408e+01 -2.921788121872800903e-01
2.316924219983829047e+01 -2.002596025849827377e-01
2.321920887805189082e+01 -1.010399382667890728e-01
2.326384158841367622e+01 4.750135295711339911e-03
2.330373299401828291e+01 1.163805726309288108e-01
2.333947575796036844e+01 2.331213282672737475e-01
2.337166254333457260e+01 3.542423567331564604e-01
2.340088601323553874e+01 4.790136125569873782e-01
2.342773883075791730e+01 6.067050502671768042e-01
2.345281365899635517e+01 7.365866243921352918e-01
2.347670316104549926e+01 8.679282894602727838e-01
2.350000000000000000e+01 1.000000000000000000e+00
