4.923708597189262015e+00 6.009948453635955978e-01 4.803340404702559852e+00 3.416881646649148063e-01 6.204555183778462712e+00 -3.793459774613432423e-01
1.988405025517404567e+01 5.689473091362158286e-01 1.990298163149595467e+01 1.320955928838869475e-01 1.925842844268434817e+01 -1.376182210416669438e+00
4.131241388748392751e+00 -1.288769687463207747e+00 1.645980795616764070e+01 -1.272991378574435561e+00 1.859328438172326159e+01 -4.722398386464414788e-01
4.186131921546415668e+00 -3.570160320410851185e-01 3.835155026618607188e+00 9.233650876924341944e-01 1.952482526630861770e+01 7.214227685472720530e-01
1.196151782642300887e+01 6.968810108892706801e-01 1.201924035407620650e+01 -8.978252116508212977e-01 1.411769885461517759e+01 -1.108294786457293624e+00
3.856919159025677946e+00 -1.718216588512224696e-01 9.016636474929189404e+00 -5.280613201949291291e-01 1.288980235272939368e+01 -1.273818763817299304e+00
1.193313078668929350e+01 7.866906029236817588e-01 1.626232691191366442e+01 -5.163879279749647999e-01 2.065051181749249665e+01 8.181712307233994785e-01
5.651888006382259633e+00 -7.908827230840725919e-01 9.768767875146707524e+00 4.113060928650349446e-01 1.846677747442135953e+01 6.797435346113669397e-01
1.172883649319294364e+01 -3.171929689447332557e-01 1.076016888342319433e+01 5.047399217351355993e-01 2.013382534091227072e+01 -2.767886825164220799e-01
9.213614570522047131e+00 -1.447999882215385004e-01 1.763602042411670112e+01 8.762426291782259291e-01 1.671840208629557623e+01 -7.569469363974943299e-01
6.866310762419654878e+00 1.682605913569195089e-01 1.346579774704363075e+01 -1.586286253796103107e-01 1.491433848634284232e+01 -1.334065106209820994e+00
7.803332903912446383e+00 1.018783636413207461e-01 1.431769528505745370e+01 -6.165854887088574321e-01 2.013556306815135244e+01 -1.247646858215298638e+00
4.970463430148416961e+00 -1.022864877139259665e+00 7.604743142928676036e+00 -6.657342887322568181e-01 9.157174750850437306e+00 4.768438279886653142e-01
6.231540128668502376e+00 -1.220953584075261222e+00 6.037778901020960376e+00 -1.489853104889959479e+00 1.723383429727823923e+01 1.713791636448505074e-01
1.575803223406729359e+01 -2.391620550411119872e-01 1.885035540667961484e+01 6.792183602237384932e-01 1.927169140620741317e+01 -1.142377138403273484e+00
1.209863542622111154e+01 8.200050214354801525e-01 2.009572424718889039e+01 -1.066648214106332926e+00 2.025858518262739594e+01 -1.052153133893953818e+00
3.900423589853344808e+00 -1.469473281091302042e+00 1.233070330403922554e+01 4.411562148644287973e-01 1.624612458397823644e+01 8.254270446714393472e-01
1.319753916001728200e+01 -4.020282484016026725e-01 1.461474584996315329e+01 -2.584671830090434774e-02 1.736788836542753600e+01 8.043350807131424141e-01
7.615992161954151740e+00 6.816738882706872005e-01 1.092595048302767680e+01 -1.400113051379705098e+00 1.254096015790115715e+01 -6.723485674079815455e-01
9.585726654101577537e+00 -1.306053881810610218e+00 1.108157052085175387e+01 -8.949697991584790735e-01 1.534096266209191128e+01 3.169029993856538052e-01
8.793065732770910969e+00 -6.911147951147175172e-01 1.866563403465590554e+01 -6.753674549054238252e-01 1.942459590556805793e+01 -1.347442706596311268e-01
9.039783022178475846e+00 -1.362353874876431448e+00 1.304980675472841867e+01 1.259745308424615740e-01 1.907346381733753660e+01 9.050409560651244689e-01
6.178934215657896800e+00 5.857993954073839049e-01 9.888847990605761140e+00 5.557814611191069787e-02 9.832631508694049671e+00 -1.089318170916725448e+00
1.127797570486674061e+01 -8.321136263295306756e-01 1.404248489378102605e+01 -1.343522194632853495e+00 1.429730381017406060e+01 9.420143893782748634e-01
4.659328003948504993e+00 7.344007653452107043e-01 1.421307417126005390e+01 -1.463620458137455671e-01 1.785472935497421432e+01 -6.170591750616016835e-01
9.533859998144571080e+00 -6.417269652022109527e-01 1.452415612840773562e+01 -3.465734855725632890e-01 1.678985242175698289e+01 -7.498529994773667218e-01
4.276164989727282872e+00 -7.202771285633514653e-01 5.736132425015258107e+00 -1.220923295440357048e+00 1.987015091817046653e+01 -8.567250869235945032e-01
7.988345476376618848e+00 4.545448551899111678e-02 1.329181323662185221e+01 -8.577273983132305268e-02 1.257441350053590412e+01 -7.570678745149732602e-01
7.144998711401216340e+00 3.674155112231081155e-01 1.832431476083015554e+01 -7.027086059719334088e-01 1.996185987387497107e+01 -1.265208062903692587e+00
6.804760941655780826e+00 2.321723799428958568e-01 1.373788755299758080e+01 2.299929148811694635e-01 2.039319799258448640e+01 -1.349088882396782374e+00
7.687894083604772888e+00 1.557057178856093849e-01 1.402961944014924356e+01 -8.907898097959991990e-01 2.054625817741300153e+01 -1.312765630347827006e+00
7.754216724721043619e+00 1.538416584980608626e-01 1.347068570655606123e+01 -1.115480938275594358e+00 1.435704037342219763e+01 -1.346576954121847303e+00
8.119973856916693933e+00 4.124969099156206020e-02 1.689240185321585130e+01 -5.984368306742473553e-01 1.669573635817700463e+01 -9.479865695053666386e-01
7.998674761209936257e+00 1.065327509767310943e-01 1.569032605805839964e+01 -1.068827151057644809e+00 1.720036614190923174e+01 -1.453519487003954724e+00
6.695008164890549729e+00 -3.988053943393348177e-01 1.335034739519129587e+01 -6.121018050304907199e-01 2.076123047118591458e+01 -1.296307680649108285e+00
8.021855675798963858e+00 -2.898343370133751318e-01 1.235519662928883733e+01 -1.108963037256613715e+00 1.538810022320117454e+01 -1.073994429723245769e+00
7.481220720361560161e+00 3.700575658799587497e-01 3.700000000000000178e+00 -1.099602499843989278e+00 1.463741142986542698e+01 -1.330500377804284096e+00
7.771192204494153266e+00 -4.169792730973620465e-03 1.759907953205277309e+01 -1.029222826372718780e+00 1.123176223012856667e+01 -7.498039539576293322e-01
7.500635090800704674e+00 4.800181336373419150e-01 1.412671204392834667e+01 -1.140068444323501629e+00 1.841374053619503925e+01 -1.286353524982283947e+00
8.707131171704119765e+00 5.736759670861002469e-02 1.441517186615068979e+01 -1.119159752498962934e+00 1.373690677792692227e+01 -1.230548047682575863e+00
7.497596014583395529e+00 1.090931951663145494e-01 1.345995928674734188e+01 -1.106419631371920564e+00 1.288307590415007198e+01 -1.384244797446854580e+00
7.774518977780179974e+00 4.835361045505304212e-01 1.365348024745114586e+01 -1.145730484997587784e+00 1.539363246407527797e+01 -1.348897530270833922e+00
7.858680542623391219e+00 2.132531703081264052e-01 1.083308437984265815e+01 -1.062315558628672107e+00 1.416005204246256355e+01 -1.189792129161726608e+00
6.763605435538623034e+00 1.442655258995104717e-01 1.473927288346443021e+01 -5.441130520730921294e-01 1.975331507480768423e+01 -1.299092140889708258e+00
8.172959992449023048e+00 1.061721117768432698e-01 1.628996961333107052e+01 -6.207337222147933931e-01 1.824524533633179857e+01 -1.239741654334399090e+00
8.706303121696965519e+00 1.715522315462956193e-01 1.340709440135679387e+01 -6.402713536002234695e-01 1.916502768925606404e+01 -9.519588996020567073e-02
8.332833933987728869e+00 1.637716793515777702e-01 1.357490293820164950e+01 -6.347542548812497021e-01 1.917123225688618504e+01 -1.451685145869403559e+00
1.432681275200320670e+01 1.706531535870303706e-01 1.338233401796584943e+01 -8.411552584408786837e-01 9.403362557872080529e+00 -1.458588529497995001e+00
1.353559417966066292e+01 1.851003842408118771e-01 1.365375310868281034e+01 -6.213604140457198444e-01 1.860741560466643207e+01 -1.258795047782783616e+00
7.776542264764123580e+00 1.394833328639490944e-01 1.371547515775575832e+01 -6.393782567115010584e-01 2.070751611953675919e+01 -1.257419444557365651e+00
8.121384973724801171e+00 1.857420675905754326e-01 1.368763855960215992e+01 -6.994720297450431890e-01 1.445896392657913054e+01 -1.337560594259201485e+00
7.788018430569643158e+00 1.462133243776579938e-01 2.033547039253994626e+01 3.615802688649472074e-02 1.690147557707242498e+01 -1.374395611763996161e+00
7.632710643886994717e+00 1.572302205537947639e-01 1.411518564069959325e+01 -1.116039215886599711e+00 1.712169575291913048e+01 -1.393269852268823605e+00
1.366607314579497512e+01 1.837571802409587729e-01 1.327739638529012112e+01 -8.177240709669090224e-01 9.419280927505900181e+00 -1.002611219698914091e+00
1.647958963875537464e+01 2.917095827555813425e-01 1.332646986652662946e+01 -1.929732859429846847e-01 1.384268884139498468e+01 -1.326698694167472992e+00
9.050359746876331712e+00 1.242264354445379304e-01 1.326066621470842222e+01 -1.132238680970010236e+00 1.455522585175326000e+01 -1.372844517009679022e+00
8.503284344315957810e+00 1.696782211375080784e-02 1.361864396072540373e+01 -6.233481089176351464e-01 1.988587492606709972e+01 -1.183547067966965072e+00
7.226435447236178256e+00 4.477277022308776555e-01 1.340640340802476160e+01 -1.367432071388983150e+00 1.415166402520056010e+01 -1.291320609659886154e+00
7.981503324593457016e+00 1.824011277910950746e-01 1.394641647736506584e+01 -5.988668025132594108e-01 1.928887723772824359e+01 -1.238649186856564111e+00
8.734071659815066724e+00 2.344681539465498510e-02 1.360548421471916214e+01 8.016170435876435185e-02 1.925681977636869746e+01 -1.317357943690465660e+00
7.691698733247708475e+00 1.219215288109600781e-01 1.605105111904833137e+01 -9.464616152364032642e-01 1.690710006786929753e+01 -1.540000000000000036e+00
8.399773658332062354e+00 6.993123257548816696e-02 1.374895072186289013e+01 -9.342304011394980678e-01 1.984721172434951697e+01 -1.278481529919843318e+00
7.947290324526711913e+00 1.652944007432153306e-01 1.329972618313641419e+01 -1.069411285431097758e+00 1.129969990941432378e+01 -1.352844865228586491e+00
7.756126065365970490e+00 -1.384630583003163329e+00 1.726132568856701255e+01 -6.558735807053744926e-01 2.050529355341568660e+01 -1.076589726209640663e+00
8.367765625950122299e+00 -6.436091279124553921e-01 1.481874442369322864e+01 -8.327118392004134728e-01 1.964150502685838973e+01 -1.378841017639725219e+00
8.432039075280760798e+00 3.439724307232605582e-02 1.301368458144898810e+01 -7.248279327616037326e-01 1.935322907279796567e+01 -1.491803381332637679e+00
9.349929422436183302e+00 7.326589782992276589e-02 1.392162217835549498e+01 -9.787306761255710752e-01 1.787190925833831656e+01 -1.192225015715603131e+00
8.430156185946351854e+00 1.633010836621640038e-01 1.536262439023720816e+01 -9.108027562238341091e-01 1.949112468022046230e+01 -1.325431750181599755e+00
8.519594692417520321e+00 -1.791542742128271470e-02 1.291066151199365564e+01 -6.216220131189268416e-01 1.907109162816963277e+01 -1.498380364961374278e+00
8.301749204024396533e+00 5.120636156895166380e-01 1.740761205053238214e+01 -7.737762030691659465e-01 1.948521929058570379e+01 -1.482658157189619352e+00
8.215640631338008149e+00 -1.429019006215321186e+00 1.636604901763528730e+01 -1.014913399933641491e+00 1.720832905260164125e+01 -1.222331975019927741e+00
7.719247158152041877e+00 7.629465886739201785e-01 1.306305850381474443e+01 -1.090983788367209995e+00 1.407098466043946061e+01 -1.127196338794162367e+00
8.338395030217498061e+00 -6.697921328324882850e-01 1.576343531558139333e+01 -8.796518748907471430e-01 1.852753706538207012e+01 -8.994526267266167441e-01
8.567949165584193949e+00 -1.322951703099350951e-02 1.331257380418070824e+01 -6.204899807468969852e-01 1.959123679892272918e+01 -1.449919361443731125e+00
8.641865294260874464e+00 3.023665430311552882e-01 1.410883866673623999e+01 -6.207025165484881812e-01 1.930807169550331537e+01 -1.429328515209618455e+00
1.442168462041212962e+01 1.830987240458572529e-01 1.224279681999566449e+01 -8.316536621758432446e-01 9.519307710031473135e+00 -1.220975908521405140e+00
4.769514368859777420e+00 1.889628843901154376e-01 1.363972473143553898e+01 -1.063885056555449182e+00 1.149720000550674115e+01 -1.332841269840322251e+00
1.492790061776970845e+01 8.550321838515495543e-02 1.289496809127189181e+01 -8.573847239353135086e-01 9.281642334216295254e+00 -1.412159855308103840e+00
7.194737196431313819e+00 -3.056922935195574009e-01 1.329409867207657925e+01 -1.668509329699037202e-01 1.552712195400258466e+01 -1.252522573189813082e+00
8.928565663406732966e+00 3.228437869889488887e-02 1.214791424730802305e+01 -6.261842413427636256e-01 2.042284825808240356e+01 -1.246186780749560130e+00
6.186169505864381968e+00 4.725013728067279928e-01 1.069210595656186413e+01 -1.387074499130249050e+00 1.267540415925905251e+01 -9.718668211251497713e-01
8.513522193032081020e+00 7.786761338508574326e-02 8.314540561980138023e+00 -5.854276933527046145e-01 1.894918645241139288e+01 -1.488953583672761205e+00
8.210753062951566150e+00 5.957468641981211732e-01 1.326261711566081303e+01 -1.071469904307937870e+00 1.098564762146101970e+01 -1.301707011957870863e+00
8.078555919920283657e+00 -1.755195324752170105e-01 1.575757244211668606e+01 -8.732352626792252437e-01 1.878229854466294313e+01 -9.680429064169123743e-01
8.207444843930765899e+00 3.545636527367146407e-02 1.794969863173228219e+01 -8.356388001178307601e-01 1.837745219057136481e+01 -9.383220262925739963e-01
8.819595835262763472e+00 2.911858374394471483e-02 8.600690351339874695e+00 -5.518574086834118209e-01 1.986174093360394366e+01 -1.186851089340713372e+00
7.216369101182775303e+00 1.837728347498575054e-01 1.155167741921392377e+01 -1.707706905204531278e-01 1.501707959854341112e+01 -1.227392721185496471e+00
8.393874562805034856e+00 -7.479456878401576914e-01 1.314368245734267404e+01 -6.821131155788106026e-01 1.939606243648422179e+01 -1.263594805069796490e+00
8.360497657909444769e+00 9.634785841963355857e-01 1.131257141187603210e+01 -1.072500090438498255e+00 1.097833841561744173e+01 -1.321755641247540414e+00
8.193302390183120565e+00 1.945530365249665827e-01 1.335699334658380621e+01 -1.074693846260633689e+00 1.034990337795509419e+01 -1.431548857126849983e+00
8.046196915688526019e+00 -1.418192512190770804e+00 1.331294192453197311e+01 -1.065514947617790975e+00 1.149749803024386097e+01 -1.194210388525943412e+00
1.068861269140615988e+01 -1.535337958019226789e+00 1.481900081485509801e+01 2.890048047341406967e-01 2.055216713855043054e+01 -1.327746277991682433e+00
8.101805861980473367e+00 -1.828973566354037406e-01 1.370356379982221284e+01 -9.479472413983417445e-01 1.963699587838997473e+01 -9.887336804184038153e-01
7.433238018078444753e+00 4.049653976202101102e-01 1.672572283125568759e+01 -6.487599067359058891e-01 1.767526162954150948e+01 -1.006538018770814613e+00
8.431104064979082935e+00 3.285666243067875136e-01 1.349751547655848327e+01 -6.040438655012883018e-01 1.935298712841312962e+01 -1.472701171816966248e+00
8.378263739096182050e+00 7.593537625634394495e-01 1.561581401415404002e+01 -8.750972639986430712e-01 1.912377109856774027e+01 -9.319064725566428287e-01
8.946191223750011190e+00 9.000962426592695742e-02 1.361073216168657041e+01 -1.171808664674679479e+00 1.862829837146853151e+01 -1.477117234304874849e+00
7.707354403046000613e+00 1.719212743579745517e-01 1.418348465225879451e+01 -6.327185662041371339e-01 2.037663076750198599e+01 -1.384572424914874533e+00
8.292657380755468211e+00 4.962365796095968840e-02 1.721860262616015191e+01 -8.949035885658827016e-01 1.789130806547479935e+01 -1.020136310308932259e+00
8.697334719170690676e+00 8.066617765820183195e-02 1.342631230302083623e+01 -6.210012890599931890e-01 1.909927113426061851e+01 -1.344701142528728521e+00
7.680109477115124150e+00 -2.776132796019445959e-01 1.247892565213595972e+01 -1.522853357572282462e-01 1.521166251655718682e+01 -1.246168835022598564e+00
8.196292743713836870e+00 3.364247728740066279e-02 1.677454160971201702e+01 -9.487299559086724843e-01 1.875324658584264625e+01 -1.109415970641797866e+00
8.191236481769072597e+00 7.907836753161356924e-02 1.835511208157003793e+01 -7.882804913120279311e-01 1.829502297333976202e+01 -9.372598173308287484e-01
7.686333377303840919e+00 -5.439639068451906923e-03 1.791412994110545398e+01 -8.698416369849817364e-01 1.805000877221752376e+01 -9.462523940117104626e-01
8.424023515066050294e+00 9.409073093735065285e-03 1.715271678524093701e+01 -1.263925505685824069e+00 1.959561518525747914e+01 -9.422332133105761898e-01
8.416335993790195147e+00 9.389243574030881057e-02 1.372048497340496453e+01 -6.251169586378482190e-01 1.885454980947952208e+01 -1.470757754968893050e+00
9.452665485441684723e+00 -8.191150209121406123e-01 1.818767921086400818e+01 9.375341388024391875e-01 1.964658099245280098e+01 -1.486863235384225934e+00
8.410107009987253690e+00 -5.778056754362337344e-02 1.382223793537270140e+01 -6.429098219409539183e-01 1.576967051383106977e+01 -1.470216634884901730e+00
7.578969599109186106e+00 2.229868584858341052e-02 1.705383266023411437e+01 -1.246999543559053070e+00 1.961629179774918086e+01 -2.681006621868591289e-01
8.363722404894820883e+00 8.820775624773902202e-02 1.544264207848490145e+01 -9.549986796671650069e-01 1.992595641036210097e+01 -1.476920499819538435e+00
1.627733143653339454e+01 3.120048516050673015e-01 2.100000000000000000e+01 -8.408012777993703057e-01 1.944568752141088908e+01 -1.540000000000000036e+00
1.414563634981104201e+01 -4.779763082805312813e-01 1.509854963017377472e+01 4.850259395239304716e-01 2.010421659767980174e+01 -1.012628177356785120e+00
8.971098023196969251e+00 2.615822933329470246e-02 1.740437018926373369e+01 -8.459677703409935745e-01 1.826468382382319788e+01 -9.395303044425054040e-01
2.092988781454041458e+01 3.352589768171310158e-01 2.076154200900345970e+01 -1.297537687812000629e+00 2.052117592021823000e+01 3.368655062280594414e-01
7.546377226411939532e+00 -1.034065537148951552e-01 1.758879537466585674e+01 -8.115539535683365946e-01 1.861549710187117412e+01 -9.842234439830965798e-01
7.611961541284264499e+00 -2.412647961129676943e-01 1.559811573811670371e+01 -1.062970569306607604e+00 1.720876171242696628e+01 -1.198413408409217062e+00
3.700000000000000178e+00 -1.208639587447386976e+00 2.100000000000000000e+01 -1.540000000000000036e+00 2.100000000000000000e+01 -1.540000000000000036e+00
1.694881449779495597e+01 -1.194140364117920461e+00 8.666978669632225518e+00 -7.306166097149252581e-01 1.932379490099847530e+01 -1.252834617719054133e+00
7.316446995996468416e+00 -2.874341355983831559e-01 1.399261666543210225e+01 -8.227571779029015930e-01 1.825539009752992214e+01 -1.222017411599085612e+00
1.275299514634384934e+01 -8.012013365827548306e-01 1.537110465696275696e+01 6.903669797651925677e-01 1.873544916244655667e+01 -8.337050674330821476e-01
7.725850809696438226e+00 1.191437508736525874e-01 8.660042062212434999e+00 -6.127303164882772490e-01 2.023366767962704671e+01 -1.277802094218690954e+00
8.414550203936661532e+00 5.839209206687643317e-01 1.294984346494031868e+01 -1.211062448805380942e+00 1.063458243475089837e+01 -1.297446535424519043e+00
1.355989147356541125e+01 1.895217654434850907e-01 1.395953301879526265e+01 -8.893839880450962188e-01 9.468896225155154056e+00 -8.926630856819468551e-01
7.491701556415589991e+00 -1.864382185660715674e-01 1.638068702479864314e+01 2.194052103002803733e-01 1.823270546361122157e+01 -9.537042529628428911e-01
1.433127832115004452e+01 1.762330238156066819e-01 1.343796535920480295e+01 -6.428240200630223056e-01 9.153111434717816408e+00 -1.510317825102468481e+00
1.961430873205464565e+01 -7.555268972589350707e-01 1.960240393370580492e+01 -1.720218470209016193e-01 2.100000000000000000e+01 -1.540000000000000036e+00
1.992168508693272244e+01 -1.540000000000000036e+00 1.998195055684509569e+01 -1.456312288657931386e+00 2.100000000000000000e+01 -1.540000000000000036e+00
8.347107829867544737e+00 2.145581423261377907e-02 1.749023316925997307e+01 -1.215563023027517398e+00 1.818495359510989928e+01 -9.270006395308489910e-01
5.490895078404204988e+00 2.021713507326050596e-02 1.741045366629571234e+01 -1.217285573371181151e+00 1.808711333842044411e+01 -1.098969271768809763e+00
8.560910111345211959e+00 1.070095732800084853e-01 9.138757820500073237e+00 -5.641648867460369310e-01 1.937154919756039106e+01 -1.326987768928320266e+00
8.626867961088617420e+00 2.103204695413252168e-02 1.368809309867841151e+01 -1.096029475249653773e+00 1.868367428191877977e+01 -1.166079323646638022e+00
8.342646070444148521e+00 -6.733659457637647394e-01 1.712575483504243579e+01 -8.882090504642143891e-01 1.851697683009582462e+01 -9.132386382506461064e-01
8.222487166493579025e+00 1.781659694265735894e-02 1.749445908818368522e+01 -6.822469463813995993e-01 1.912408727509833284e+01 -9.366847177071918606e-01
8.648656778584392413e+00 -1.803714574782144808e-02 1.363187239677238694e+01 -6.655979693862240643e-01 1.786498480846031356e+01 -1.395548854631274871e+00
9.248537512606308297e+00 -1.385274359183183535e+00 1.303746998977520377e+01 9.677935095730760828e-02 1.820064734211101154e+01 9.694366412554846768e-01
1.684667289275676083e+01 -1.415288068819791079e+00 1.881386343622580171e+01 -1.387901115454733381e+00 2.075802726671099663e+01 -8.711780392192304268e-01
1.704433473218232464e+01 5.843263848684729922e-01 2.043295325599610734e+01 1.925305482931434220e-01 2.029792631994932961e+01 -1.403143268246203723e+00
7.654805007590427479e+00 7.085204779911244977e-01 1.095026017619955283e+01 -1.389940338634346517e+00 1.468431965098676883e+01 -6.290763175565209364e-01
8.448215562625481567e+00 1.367280709760763102e-01 8.664678540654263017e+00 -3.547171243405999874e-01 1.958972892486647055e+01 -1.303000191267984276e+00
8.118002572924583049e+00 -2.932790062882606463e-03 1.637184814006249667e+01 -3.927765527977100657e-01 1.921284578682085353e+01 -9.826451476958391051e-01
8.279568469972886646e+00 -2.788835487718976935e-02 1.712139812999662780e+01 -1.304870562064543105e+00 1.893058197972122869e+01 -9.580132069434401654e-01
1.500201213741675232e+01 -2.668089404702178591e-02 2.020271034231409502e+01 -2.779886618442832802e-01 1.948305141469463919e+01 -8.643022240139544010e-01
8.309330088562077776e+00 8.032476102081509417e-02 1.404061901714434413e+01 -7.280507211996205541e-01 1.987178014945483540e+01 -1.308148407980223915e+00
1.177550155955871602e+01 -1.979856109351958438e-01 1.551419008623657092e+01 -1.362427065262297621e+00 1.978680542047421653e+01 -1.164756095843815231e+00
8.398025871022849032e+00 1.929057257435038419e-01 1.352619844683275119e+01 -6.420654881554556104e-01 1.915250293827832095e+01 -1.444314376330087413e+00
1.041741348563513014e+01 -1.377792705962379127e+00 1.302862533540745815e+01 1.121234747467951820e-01 1.848097059387493957e+01 9.572995039976124332e-01
9.021775636162798762e+00 8.537551126933151657e-02 1.375895346567345712e+01 -8.828141375313984796e-01 1.979295033894065270e+01 -1.170073354889387351e+00
8.457618271674061106e+00 -9.383747088335360198e-01 1.603279241051746595e+01 -1.430334219103923887e+00 1.922365800449797391e+01 -1.410748651010822474e+00
7.854954544043911469e+00 1.594541055228189119e-01 1.315940281562383873e+01 -1.011937909926812207e+00 1.068143055553163023e+01 -1.321474089418789299e+00
7.768086091282103034e+00 6.606244565996703955e-01 1.121877431640122680e+01 -1.249859794211450215e+00 1.091277241621037675e+01 -6.995171370154940060e-01
1.890191110931337093e+01 -1.256658061817288452e+00 1.680337269715964865e+01 1.972508634626866098e-01 2.033672970579937100e+01 -4.098419659212231281e-01
8.298441757390367712e+00 1.199378625829661260e-02 1.795520374990439549e+01 -1.091237033810813717e+00 1.951028462828023180e+01 -9.311979511417139976e-01
8.430529900213798555e+00 -5.826180054469305425e-01 1.445662349614573117e+01 -7.953994247010125473e-01 1.931873097125461314e+01 -1.371980943620024540e+00
9.189262974063408862e+00 -1.467142179385667378e+00 1.279966630665584049e+01 1.008739330468475526e-01 1.863566249324325597e+01 9.281727288936676423e-01
1.691297859810292792e+01 -8.722476079501212398e-01 1.700591558245941926e+01 -1.407303019184619197e+00 1.901445041978731965e+01 -9.567893585748971086e-01
8.458045954832151381e+00 -6.457682078999695818e-01 1.668896787438168872e+01 -8.524622136938997397e-01 1.826175772872817760e+01 -8.515335632307502456e-01
1.442128411369428775e+01 2.310147921143252958e-01 1.345793587991853713e+01 -8.597279354087395964e-01 9.559377229867834558e+00 -1.454958203700310815e+00
1.829850731072947312e+01 -1.510898368582129558e+00 1.641797802913934134e+01 7.145134812034665828e-01 2.072447975352406502e+01 -8.239044671878218429e-01
7.897433364111930310e+00 7.170244684442872440e-02 1.390614108918234848e+01 -5.611961463652551663e-01 1.936808014474809170e+01 -1.097460386808961630e+00
1.907587483758106828e+01 5.103123337216675104e-01 2.059796204939484454e+01 -1.138215735368430792e-01 2.022078342540189766e+01 -9.072818370535973287e-02
1.511582460869103883e+01 -8.500469778478145777e-01 2.027359259510412670e+01 2.247838593646884764e-01 1.956402614945545793e+01 -1.412433389872312484e+00
8.820067176674996290e+00 -6.655565304573983765e-01 1.984890884107313980e+01 -6.210500688528234337e-01 1.651491355257192239e+01 -1.523328663955434426e-01
7.983984567279768463e+00 -2.696542620550004266e-01 1.169811457332049187e+01 -9.783437887097412577e-02 1.626847957956520219e+01 -1.209762722052475814e+00
1.490790352933109020e+01 -1.397858608681708636e+00 1.871679844306781959e+01 4.668493205867707552e-01 1.844670295398682569e+01 1.970855345204471920e-01
1.359871519459411715e+01 2.387390579842030292e-01 1.866234096353873539e+01 -1.430505246035754796e+00 2.015499286521226097e+01 -1.401313569601625231e+00
8.331905632896198455e+00 6.372679236673128855e-02 1.363397284908656459e+01 -8.391898582910211069e-01 1.867807460070440584e+01 -1.267426442754558069e+00
2.087031610189005804e+01 -1.455629894360900067e+00 1.182087707817554545e+01 -9.460755841992796178e-01 1.783995780916884755e+01 -1.538994374703615886e+00
7.942237594460894279e+00 1.744717242938760293e-01 1.326031803925731722e+01 -1.108721100228928558e+00 1.327229374575303211e+01 -1.328373762325823382e+00
1.277768819332122874e+01 5.975881765410302471e-01 1.555887567345052958e+01 -1.128318874202668631e+00 1.948006179081276201e+01 -7.093351200595497952e-01
7.517295349038238150e+00 1.352131984843467638e-01 1.301021309345885868e+01 -9.226470412953489131e-01 1.454241053700533826e+01 -1.345602618938576356e+00
8.360471810483586452e+00 -7.097186677696974977e-01 1.226570153946362041e+01 -4.748170552331905103e-01 1.950187148097965206e+01 -1.268518443398410689e+00
8.709280159586089809e+00 8.753685957275636476e-02 9.757015768565887370e+00 -5.983543547452113698e-01 1.887470196048624516e+01 -1.307706924273428051e+00
8.658802994551111354e+00 -2.613555461851446715e-02 1.338048513527398242e+01 -5.935140318970483220e-01 1.961132397032237051e+01 -1.409219080078504716e+00
1.472020489014685296e+01 -1.457216184046119523e+00 1.183253806782886386e+01 -1.146783566977828794e+00 2.082440035194158412e+01 -1.366373702250420985e+00
1.612492125742137361e+01 4.639852030575273290e-01 1.545772952483967089e+01 -2.686550304852426407e-01 2.011726290117949389e+01 -8.035435822606087353e-01
