4.451428599999999847e+01 4.321428600000000131e+01
3.978571399999999869e+01 3.592857099999999804e+01
4.314285699999999935e+01 2.919999999999999929e+01
4.482857099999999662e+01 3.917142900000000338e+01
3.984285700000000219e+01 3.354285699999999792e+01
4.028571399999999869e+01 3.315714299999999781e+01
3.884285700000000219e+01 3.757142900000000196e+01
4.562857100000000088e+01 4.254285699999999792e+01
4.744285699999999650e+01 3.710000000000000142e+01
5.152857099999999946e+01 3.931428600000000273e+01
5.231428600000000273e+01 4.744285699999999650e+01
6.624285700000000077e+01 4.241428599999999705e+01
4.058571400000000295e+01 3.604285699999999792e+01
4.147142900000000054e+01 3.438571400000000011e+01
4.035714300000000065e+01 3.804285699999999792e+01
4.495714300000000208e+01 3.511428599999999989e+01
4.237142899999999912e+01 3.664285699999999935e+01
4.704285699999999792e+01 3.647142900000000054e+01
5.925714299999999923e+01 4.450000000000000000e+01
5.514285699999999935e+01 4.129999999999999716e+01
5.808571400000000295e+01 3.724285700000000077e+01
5.964285699999999935e+01 4.250000000000000000e+01
4.394285699999999650e+01 4.215714299999999781e+01
5.339999999999999858e+01 4.555714300000000350e+01
4.788571400000000011e+01 4.417142900000000338e+01
4.411428599999999989e+01 4.322857100000000230e+01
3.575714299999999923e+01 3.054285700000000148e+01
4.032857099999999662e+01 3.705714300000000350e+01
4.368571399999999727e+01 4.135714300000000065e+01
5.539999999999999858e+01 4.517142900000000338e+01
4.734285700000000219e+01 4.738571400000000011e+01
5.951428599999999847e+01 5.015714299999999781e+01
5.025714299999999923e+01 4.645714300000000208e+01
5.162857100000000088e+01 4.802857099999999946e+01
5.717142900000000338e+01 3.962857100000000088e+01
4.827142899999999770e+01 4.670000000000000284e+01
4.560000000000000142e+01 4.300000000000000000e+01
5.577142899999999770e+01 4.129999999999999716e+01
5.865714299999999781e+01 3.572857100000000230e+01
5.271428600000000131e+01 2.960000000000000142e+01
5.242857099999999804e+01 4.324285700000000077e+01
5.875714299999999923e+01 3.954285699999999792e+01
5.351428599999999847e+01 3.522857100000000230e+01
4.695714300000000208e+01 4.285714300000000065e+01
5.331428600000000273e+01 4.424285700000000077e+01
5.224285700000000077e+01 3.714285699999999935e+01
6.587142900000000623e+01 4.791428599999999705e+01
6.150000000000000000e+01 4.904285699999999792e+01
4.242857099999999804e+01 4.118571399999999727e+01
6.292857099999999804e+01 4.382857099999999662e+01
5.041428599999999705e+01 4.612857100000000088e+01
4.315714299999999781e+01 3.888571400000000011e+01
5.502857099999999946e+01 3.801428599999999847e+01
6.107142900000000196e+01 4.167142900000000338e+01
4.367142900000000338e+01 4.517142900000000338e+01
5.392857099999999804e+01 4.214285699999999935e+01
5.568571399999999727e+01 4.942857099999999804e+01
5.001428599999999847e+01 3.812857100000000088e+01
5.112857100000000088e+01 4.564285699999999935e+01
4.970000000000000284e+01 3.857142900000000196e+01
5.301428599999999847e+01 4.445714300000000208e+01
6.458571399999999585e+01 4.211428599999999989e+01
6.629999999999999716e+01 4.687142899999999912e+01
5.422857100000000230e+01 4.194285699999999650e+01
6.095714300000000208e+01 4.352857099999999946e+01
4.612857100000000088e+01 5.268571399999999727e+01
5.042857099999999804e+01 4.864285699999999935e+01
5.628571399999999869e+01 4.038571400000000011e+01
5.387142899999999912e+01 4.572857100000000230e+01
4.308571400000000295e+01 3.625714299999999923e+01
4.965714299999999781e+01 4.101428599999999847e+01
4.365714299999999781e+01 3.435714300000000065e+01
6.440000000000000568e+01 4.837142899999999912e+01
6.440000000000000568e+01 4.435714300000000065e+01
5.301428599999999847e+01 4.420000000000000284e+01
4.472857100000000230e+01 4.674285700000000077e+01
5.291428599999999705e+01 4.255714300000000350e+01
4.678571399999999869e+01 3.832857099999999662e+01
5.250000000000000000e+01 4.961428599999999989e+01
4.852857099999999946e+01 4.722857100000000230e+01
4.398571400000000153e+01 4.594285699999999650e+01
5.750000000000000000e+01 3.661428599999999989e+01
5.470000000000000284e+01 5.250000000000000000e+01
6.077142899999999770e+01 4.839999999999999858e+01
5.400000000000000000e+01 5.092857099999999804e+01
5.679999999999999716e+01 3.629999999999999716e+01
5.277142899999999770e+01 4.315714299999999781e+01
5.897142900000000054e+01 4.145714300000000208e+01
4.410000000000000142e+01 3.597142900000000054e+01
4.137142899999999912e+01 2.974285700000000077e+01
3.748571400000000153e+01 3.315714299999999781e+01
4.485714300000000065e+01 4.431428600000000273e+01
4.965714299999999781e+01 4.618571399999999727e+01
4.368571399999999727e+01 4.329999999999999716e+01
5.107142900000000196e+01 4.361428599999999989e+01
5.102857099999999946e+01 3.650000000000000000e+01
5.900000000000000000e+01 4.777142899999999770e+01
5.297142900000000054e+01 4.137142899999999912e+01
4.628571399999999869e+01 4.558571400000000295e+01
5.902857099999999946e+01 4.817142900000000338e+01
5.882857099999999662e+01 4.714285699999999935e+01
5.504285699999999792e+01 4.157142900000000196e+01
5.041428599999999705e+01 4.312857100000000088e+01
5.522857100000000230e+01 4.620000000000000284e+01
6.557142899999999486e+01 4.581428600000000273e+01
4.820000000000000284e+01 5.167142900000000338e+01
5.438571400000000011e+01 4.312857100000000088e+01
5.147142900000000054e+01 4.252857099999999946e+01
4.771428600000000131e+01 4.738571400000000011e+01
5.981428600000000273e+01 3.714285699999999935e+01
5.788571400000000011e+01 5.031428600000000273e+01
4.487142899999999912e+01 3.577142899999999770e+01
4.441428599999999705e+01 4.902857099999999946e+01
4.194285699999999650e+01 3.695714300000000208e+01
4.715714299999999781e+01 4.374285700000000077e+01
5.389999999999999858e+01 4.524285700000000077e+01
4.950000000000000000e+01 4.228571399999999869e+01
5.761428599999999989e+01 3.997142900000000054e+01
5.575714299999999923e+01 4.161428599999999989e+01
4.768571399999999727e+01 4.050000000000000000e+01
5.327142899999999770e+01 4.902857099999999946e+01
6.165714299999999781e+01 5.042857099999999804e+01
5.910000000000000142e+01 4.828571399999999869e+01
5.062857100000000088e+01 4.241428599999999705e+01
5.374285700000000077e+01 4.525714299999999923e+01
4.461428599999999989e+01 4.341428599999999705e+01
5.002857099999999946e+01 4.687142899999999912e+01
6.095714300000000208e+01 4.537142899999999912e+01
5.832857099999999662e+01 4.152857099999999946e+01
6.161428599999999989e+01 5.001428599999999847e+01
5.595714300000000208e+01 4.431428600000000273e+01
5.145714300000000208e+01 5.188571400000000011e+01
5.505714300000000350e+01 5.501428599999999847e+01
5.389999999999999858e+01 4.677142899999999770e+01
6.571428600000000131e+01 4.471428600000000131e+01
5.721428600000000131e+01 4.264285699999999935e+01
3.770000000000000284e+01 3.529999999999999716e+01
5.045714300000000208e+01 4.157142900000000196e+01
4.692857099999999804e+01 4.642857099999999804e+01
4.050000000000000000e+01 3.801428599999999847e+01
5.605714300000000350e+01 4.438571400000000011e+01
4.272857100000000230e+01 4.014285699999999935e+01
6.171428600000000131e+01 4.424285700000000077e+01
5.260000000000000142e+01 3.908571400000000295e+01
5.815714299999999781e+01 4.574285700000000077e+01
5.270000000000000284e+01 4.981428600000000273e+01
4.167142900000000338e+01 4.631428600000000273e+01
4.761428599999999989e+01 4.205714300000000350e+01
6.590000000000000568e+01 4.592857099999999804e+01
3.951428599999999847e+01 3.270000000000000284e+01
3.802857099999999946e+01 3.668571399999999727e+01
5.705714300000000350e+01 4.300000000000000000e+01
5.602857099999999946e+01 3.731428600000000273e+01
5.155714300000000350e+01 5.031428600000000273e+01
5.124285700000000077e+01 3.797142900000000054e+01
5.475714299999999923e+01 4.785714300000000065e+01
4.929999999999999716e+01 4.595714300000000208e+01
4.912857100000000088e+01 4.167142900000000338e+01
4.460000000000000142e+01 3.671428600000000131e+01
3.902857099999999946e+01 3.614285699999999935e+01
4.385714300000000065e+01 3.922857100000000230e+01
4.541428599999999705e+01 4.325714299999999923e+01
5.184285700000000219e+01 4.331428600000000273e+01
5.094285699999999650e+01 4.720000000000000284e+01
5.101428599999999847e+01 3.910000000000000142e+01
5.164285699999999935e+01 3.987142899999999912e+01
5.307142900000000196e+01 4.462857100000000088e+01
4.894285699999999650e+01 4.907142900000000196e+01
3.915714299999999781e+01 3.860000000000000142e+01
4.912857100000000088e+01 3.735714300000000065e+01
6.257142900000000196e+01 5.214285699999999935e+01
5.358571400000000295e+01 5.737142899999999912e+01
4.821428600000000131e+01 4.191428599999999705e+01
5.368571399999999727e+01 4.567142900000000338e+01
3.615714299999999781e+01 4.092857099999999804e+01
