3.700000000000000178e+00 1.000000000000000000e+00
5.108208460514935823e+00 6.906190276351817925e-01
6.502073868498576381e+00 3.861803111156125179e-01
7.867253171419623214e+00 9.162610628654105360e-02
9.189403316746780348e+00 -1.881013310067836397e-01
1.045418125194875181e+01 -4.480597449191126569e-01
1.164724392449424073e+01 -6.833068796051970928e-01
1.275424828185195203e+01 -8.889004792197879867e-01
1.376085127149058707e+01 -1.059898287917636406e+00
1.465270984087885253e+01 -1.191358049853493473e+00
1.544063243852399658e+01 -1.284841608401837698e+00
1.613542751293327271e+01 -1.341910806937147704e+00
1.674790351261393440e+01 -1.364127488833902113e+00
1.728886888607322803e+01 -1.353053497466579547e+00
1.776913208181841242e+01 -1.310250676209658183e+00
1.819950154835673217e+01 -1.237280868437617087e+00
1.859078573419544611e+01 -1.135705917524934661e+00
1.895379308784179528e+01 -1.007087666846089302e+00
1.929281542517963288e+01 -8.590109355763378973e-01
1.961214456209278723e+01 -6.990605428909368868e-01
1.991607231446511150e+01 -5.348213079651431556e-01
2.020889049818043048e+01 -3.738780499742133667e-01
2.049489092912259380e+01 -2.238155880934040998e-01
2.077836542317544044e+01 -9.221874149797212872e-02
2.106360579622280937e+01 1.332767063682594247e-02
2.135490386414853958e+01 8.523882913573338493e-02
2.165150241509283546e+01 1.277191407032365611e-01
2.195264423719590496e+01 1.449730120438217917e-01
2.225757211859795248e+01 1.412048498619754011e-01
2.256552884743918241e+01 1.206190608621836857e-01
2.287575721185979560e+01 8.742005174893299757e-02
2.318750000000000000e+01 4.581222922670966091e-02
2.350000000000000000e+01 0.000000000000000000e+00
