3.700000000000000178e+00 1.000000000000000000e+00
3.745464875306885766e+00 9.849937891396645107e-01
3.791526980612491382e+00 9.665138547454116269e-01
3.838783545915537054e+00 9.410864732833241764e-01
3.887831801214742811e+00 9.052379212194848757e-01
3.939268976508828235e+00 8.554944750199764414e-01
3.993692301796513355e+00 7.883824111508814791e-01
4.051699007076519088e+00 7.004280060782827055e-01
4.113886322347564573e+00 5.881575362682629482e-01
4.180851477608369393e+00 4.480972781869048682e-01
4.275801558654776180e+00 2.864788098577047415e-01
4.421943651282626675e+00 1.095337093041589827e-01
4.642484841287762620e+00 -7.650644545023622956e-02
4.960632214466023981e+00 -2.654100763819845499e-01
5.399592856613254277e+00 -4.509456054675895498e-01
5.982573853525294361e+00 -6.268814546835550505e-01
6.732782290997986863e+00 -7.869860460063846652e-01
7.673425254827170860e+00 -9.250278014125820070e-01
8.767128427926323297e+00 -1.039874350590361374e+00
9.976517493208918452e+00 -1.130393323227937064e+00
1.126421813358843060e+01 -1.195452349013522930e+00
1.259285603197833581e+01 -1.233919057635334049e+00
1.392505687129210656e+01 -1.244661078781583718e+00
1.522344633444322071e+01 -1.226546042140486570e+00
1.645065010434515074e+01 -1.178441577400256568e+00
1.756929386391136916e+01 -1.099215314249108566e+00
1.859294761443384303e+01 -9.927574774884070363e-01
1.953518135720453586e+01 -8.629582919195164514e-01
2.040956509351541115e+01 -7.137079823438018389e-01
2.122966882465843241e+01 -5.488967735626282263e-01
2.200906255192555960e+01 -3.724148903773601971e-01
2.276131627660875978e+01 -1.881525575893625013e-01
2.350000000000000000e+01 0.000000000000000000e+00
