1.604632508483730646e+01 8.996239063706950034e-01 1.563446720965027126e+01 8.384511433283101667e-01 2.065898289030866763e+01 -7.019930796305532406e-01
4.640991433903267627e+00 -1.390014233810541899e+00 3.803309994141200967e+00 6.053338570373045791e-02 5.973796821466608620e+00 4.108112513980126668e-01
4.539205824712072790e+00 -4.540376403129229299e-01 5.828932757862847147e+00 6.206538974856607993e-01 2.008267122217013778e+01 2.777354707650927512e-01
9.353604585466683830e+00 -1.440276065954381401e+00 1.194696392127798390e+01 -1.528222635266497376e+00 1.195435822905546175e+01 8.174333244336895454e-02
3.919577168099446229e+00 -1.501171814583838193e+00 1.635074712895710647e+01 -1.522184562558611232e+00 2.007103620733254346e+01 -6.647170225964416090e-01
5.927550801538716385e+00 8.918622656891952438e-01 5.219969461758285689e+00 -1.537908892275793082e+00 1.300347167074165355e+01 8.550714577521847382e-01
1.093244334349998326e+01 3.344667682528117414e-01 1.030108314526803781e+01 7.592242384748608686e-01 1.836672049827977560e+01 2.744429229466938125e-03
1.090003260702377474e+01 -5.792787488825861253e-01 2.033208587586122462e+01 -8.933287280576249767e-01 1.990500369734771269e+01 -4.563134364387750885e-01
3.811160664968229916e+00 8.161711628486054693e-01 1.228742625716435555e+01 8.143231119929721373e-01 1.629910974520344524e+01 -4.205648281511358277e-01
1.301714721146607801e+01 9.294060218168134213e-01 1.530882362708840105e+01 -1.766284865910237034e-01 1.511694717028579760e+01 -6.221994491000747418e-01
4.152599484827006471e+00 5.497422268043603566e-01 9.524034880804705949e+00 7.394430218081726736e-01 9.926330689925141115e+00 1.774014910553176616e-01
7.439490192845594763e+00 -5.287742769345911142e-01 1.661759681853715520e+01 2.846934486687116017e-01 1.625083086675332211e+01 -7.345894177470756459e-01
1.916610522358721980e+01 7.225869699626361609e-01 1.959628798780795833e+01 4.120257206618844759e-01 1.943795847700988233e+01 -1.485885332696974093e+00
8.550813529817784087e+00 -6.661583801280688277e-01 7.596256750131939128e+00 3.150603468578694333e-01 9.542872229940682516e+00 -1.410267931902255301e+00
3.940675287187955345e+00 -1.036551965066907721e+00 1.040678265568834604e+01 -1.769525376650564752e-01 2.044658483134534066e+01 -1.010565620105719820e+00
9.647119197940257962e+00 -8.370351562726782157e-01 1.569818833449423323e+01 9.158434081734725396e-01 2.018031386962239893e+01 7.656874787979273123e-01
5.133618049227284708e+00 -7.448905768329885380e-01 8.041917414856278867e+00 8.927948320493896972e-01 1.504024426287059413e+01 -3.311939807589561191e-01
1.262334129274688976e+01 -6.681448012746483700e-01 1.264697731654791468e+01 -1.296238424048123949e-01 2.096057758209924415e+01 -3.284395832776891844e-01
1.389008801794691550e+01 4.195683437870625365e-01 1.689727776609662513e+01 -8.812358397258448495e-01 1.863711836695233259e+01 9.732757418715038966e-01
7.530561886884536094e+00 -5.159980030581790000e-01 1.151929379436355383e+01 3.943800343708792067e-01 1.694614765763822817e+01 2.887436997889767376e-01
4.291315483935857600e+00 9.716899374746388318e-01 1.189170531506352901e+01 -9.663805293120933948e-01 1.211261661439674953e+01 -1.322544234073602443e+00
5.179083426622922204e+00 3.224184054299983337e-02 4.247160979298516992e+00 -5.302356929133531516e-01 1.003915472115298257e+01 -7.934000194585276722e-01
1.329395162718222423e+01 -1.325556335480861936e+00 1.285904934772801056e+01 -7.169613496711269018e-01 1.556773664509548638e+01 7.513568140928188477e-01
1.043842218590124382e+01 -7.576229430181881108e-01 1.474486874034695205e+01 1.076435013008001373e-01 1.746579059797385369e+01 -1.181096487491434033e+00
6.904885045158554391e+00 -1.038644134093518190e-01 6.054430573917547243e+00 7.095772456391751248e-01 5.147559784736072785e+00 1.205600566199354073e-01
4.916860627197621625e+00 3.974777103803539546e-01 1.432556835976314247e+01 -1.661882501062750261e-01 2.052998801439378340e+01 8.018079403886870793e-01
4.611801107656722465e+00 -6.934947233799156896e-01 6.768273813445398801e+00 -1.043307901786076908e+00 7.507588952283443362e+00 3.694029541128045491e-01
6.378496539861148840e+00 -1.532461942383378073e+00 1.135845108944945636e+01 -8.446894501105615127e-01 1.322717545847320864e+01 -8.362047865113654277e-01
1.495382407129915947e+01 -9.967807787099191019e-01 1.671680617088652809e+01 6.610139391525771124e-01 1.649440730403423672e+01 -3.873947258015557615e-01
1.127358064821296679e+01 -1.520334465871115093e+00 1.321915508310105736e+01 8.650491340268056106e-01 1.229474749547936341e+01 -7.531370104107792951e-01
1.170187794268964865e+01 -1.305440679898173695e+00 1.657755800480633468e+01 -8.746947843778589693e-01 1.657102914483692402e+01 -5.453089671608107869e-01
1.077297083573018099e+01 -8.831982763342133280e-01 1.960701230338077750e+01 -2.687004513155053509e-01 1.982571350985800152e+01 -2.797035704540564716e-01
1.230749378187905663e+01 -1.060400209998141996e+00 1.473782048407309730e+01 -9.115284608407994149e-01 1.777668194633066889e+01 1.282519147062717302e-01
9.435852454792147626e+00 -7.349562600228476406e-01 1.795239844989687228e+01 -9.366932086145892677e-01 1.926491493723418102e+01 -7.217230325270050928e-01
1.293367349879897432e+01 -1.418982073455589576e+00 1.312695358752765884e+01 -6.331859657627956217e-01 1.565523239079051976e+01 -1.020788816035478774e+00
9.715766004676829937e+00 -6.384564839286636095e-01 1.741522601708817675e+01 -1.473094936981053760e+00 1.799903587806075933e+01 -6.027587948903693205e-01
1.041011359426753025e+01 -5.746862232540638216e-01 1.722795659180671635e+01 6.103192993233319541e-02 1.975173408155300336e+01 -5.667997650628001649e-01
1.141762693191813582e+01 -6.223662130885464494e-01 1.558356771144869057e+01 -9.738589683524370155e-01 1.913040050524710622e+01 -3.320238318008672529e-01
9.194371963373889400e+00 -7.527711725998718073e-01 1.372279853971667762e+01 3.426897682927612099e-01 1.835730591604074391e+01 -6.121668393175667688e-01
1.363431887325071301e+01 -5.413658515555536122e-01 2.093013284979853594e+01 -1.093009732060234107e+00 2.100000000000000000e+01 -4.462887735459304395e-01
1.188232273340739198e+01 -1.446102500624229403e+00 1.235138872382539077e+01 -1.069659738347688016e+00 1.418172863128905448e+01 -7.288117760633345821e-01
9.757850948589938511e+00 -1.365879074241407531e+00 1.266290885601038596e+01 -1.290355957111249952e+00 1.360411822063755949e+01 -3.699972770040675929e-01
1.215171797122933839e+01 -1.478805478624040326e+00 1.131711758495252695e+01 -1.205975575062607552e+00 1.457286854845495938e+01 -5.260466708344972986e-01
9.535296431014103291e+00 -1.433493965048113328e+00 1.162955899141205052e+01 -1.540000000000000036e+00 1.164413276482635240e+01 -5.691417557948257322e-01
1.179118794702826989e+01 -1.235512777255761030e+00 1.280302619160030275e+01 -3.691072771279633180e-01 1.660460723068285560e+01 -6.285627615436637505e-01
1.136725353528757587e+01 -1.016277483842552343e+00 1.357600785981320968e+01 -1.294459762562389926e-01 1.729864940673321172e+01 -6.890483810980843060e-01
1.321552731247733092e+01 -1.451784284268659464e+00 1.235353833769811160e+01 -6.996311874121574625e-01 1.753042195383814317e+01 7.559148104425563730e-01
9.697011212592631324e+00 -1.443734620172038685e+00 1.140688491189720466e+01 -1.540000000000000036e+00 1.347364965229157363e+01 -5.923689963350221577e-01
9.379826700058245592e+00 -9.403106241942892352e-01 1.596752719317225910e+01 -1.540000000000000036e+00 1.885716228083070334e+01 -7.077050992299654952e-01
9.757997751267136977e+00 -1.417335749075568030e+00 1.068352949152403397e+01 -1.540000000000000036e+00 1.120269247988410299e+01 -3.629451537380796733e-01
9.556714010017275385e+00 -4.054980408664323743e-01 1.474637187807478966e+01 -1.400654830534936446e+00 1.726282788424936498e+01 -3.760890989741472179e-01
9.973376152547864137e+00 -1.336808599594374591e+00 1.130333138232757406e+01 -1.381669599075472377e+00 1.255155434877343268e+01 3.002596415085949655e-01
9.070415814236790553e+00 2.511985810384578244e-01 1.409494794823367059e+01 -1.185303984776579167e+00 1.462786535593656723e+01 -4.898099517527760849e-01
9.080844037300636273e+00 -1.489775319807034037e+00 8.473814543702605562e+00 -1.540000000000000036e+00 1.104281401070973700e+01 3.522345351373838973e-01
1.097315713643534529e+01 -8.791042544828540084e-01 1.235879780518312288e+01 -1.359295745037327530e+00 1.416029352620391890e+01 -6.107924489634551923e-01
1.066919915132293895e+01 -1.355144912565774185e+00 1.444173567127366908e+01 -1.540000000000000036e+00 1.649185467864707277e+01 -6.129372311503522575e-01
7.512431330785021011e+00 6.162124828522732578e-01 1.661711716114892212e+01 3.755115790536311948e-02 1.775285310918395254e+01 -1.540000000000000036e+00
1.028207976360368470e+01 -5.994950213809021600e-01 1.487240978470599728e+01 -1.137071509817700887e+00 1.584776029976619682e+01 -7.653401461452679078e-01
1.096789749319249907e+01 -9.894676410986480430e-01 1.146743284136650587e+01 -1.219611577025881743e+00 1.664108807009986535e+01 -5.304536768897267773e-01
1.062921739573152280e+01 -1.051352338659152341e+00 1.387843189561374402e+01 -1.004410778400263382e+00 1.397592966900719347e+01 -5.315265086632969815e-01
1.037138392219727123e+01 -7.947740261126007288e-01 1.244312159016593000e+01 -1.362436008224925166e+00 1.478652982997056853e+01 -6.033102051468821614e-01
1.101852394799215418e+01 -1.467682804634403038e+00 1.323104776124106507e+01 -1.027797735910146226e+00 1.586996206772305129e+01 -7.826318362186528432e-01
1.270012959005860154e+01 -1.421513909336474146e+00 1.209000654548198028e+01 -7.723337133901688745e-01 1.459039949019680549e+01 -2.601197526338783206e-01
1.047150708812095488e+01 -1.160736717868921630e+00 1.712226466770658462e+01 -1.267470378805368281e+00 1.780067893866846873e+01 -5.846394200626490179e-01
1.207737226298643662e+01 -1.540000000000000036e+00 1.440665172223097201e+01 -1.322401505452749149e+00 1.651743403997969750e+01 -2.661571301284653135e-01
1.217526826305408605e+01 -1.298825446220589486e+00 1.277335436186771034e+01 -1.443312503760100673e+00 1.560830415277351335e+01 -7.268036819980057128e-01
1.156280884311205348e+01 -1.540000000000000036e+00 1.453151710693287413e+01 -1.106155353259960616e+00 1.717594029353720941e+01 -5.993600302044033157e-02
1.183409390414911755e+01 -1.294771689747034271e+00 1.300503950021250787e+01 -1.336000549743500132e+00 1.302913123243753191e+01 -2.774548714555502560e-01
1.152758638343859587e+01 -1.430867291946259723e+00 1.306254004246388689e+01 -1.257219030928794279e+00 1.896334424059604018e+01 -4.849595891453659657e-01
1.183018963305759286e+01 -1.477427615460449983e+00 1.123566510497749249e+01 -1.087599932647220768e+00 1.908184695273293485e+01 -5.873112731595703240e-01
9.574270538196845592e+00 3.190587464150262953e-02 1.477402213987221558e+01 -1.540000000000000036e+00 1.715441625550759142e+01 -4.257871662297187942e-01
1.045360680474257720e+01 -1.275103465885729648e+00 1.778210822904060961e+01 -1.476458572354490739e+00 1.722077847023406250e+01 -8.359289951583086520e-01
1.004944246914854133e+01 -9.802457161687495590e-01 1.392204553056842897e+01 -8.585397206073633880e-01 1.539066607712317847e+01 -5.858268211085341237e-01
1.292226626541552292e+01 -1.491936871862268976e+00 1.343226641959888212e+01 -9.695219907468783926e-01 1.609944719350975362e+01 -1.056505673672532675e+00
1.020022926944187702e+01 -6.587571359862176568e-01 1.387183347317616366e+01 -8.508044816595751181e-01 1.712862726033051075e+01 3.204619398381802764e-01
1.122336519684326106e+01 -1.372664176026004546e+00 1.394627100831212019e+01 -5.789733126868711333e-01 1.379220337131786067e+01 -9.308054600237000153e-01
1.077535546159053581e+01 -9.778256476794884300e-01 1.466528832131880122e+01 -1.252030068155316922e+00 1.578205829793773063e+01 -1.885759578833563488e-01
1.074510717109714442e+01 -1.083314928585419334e+00 1.366884745010204938e+01 -1.149715249551124252e+00 2.100000000000000000e+01 1.000000000000000000e+00
1.216797675020718117e+01 -1.540000000000000036e+00 1.350432141103716077e+01 -1.538771508982786251e+00 1.414922043535681695e+01 -4.867228708436797113e-01
1.167489244257939873e+01 -1.500290579619505404e+00 1.378682103651442858e+01 -1.389570661074559510e+00 1.565444631462214176e+01 7.615217773123625911e-01
1.002193985999124415e+01 -3.800596306449868234e-01 1.386917836007739524e+01 -7.294709132016627962e-01 1.431698702920926891e+01 2.366129940067795978e-02
1.027561133063049326e+01 -1.039187852693981728e+00 1.554175227791644076e+01 -1.540000000000000036e+00 1.771730690300046973e+01 1.000000000000000000e+00
1.068099734229025444e+01 -9.345254765177013478e-01 1.409400665280912790e+01 -1.540000000000000036e+00 1.560759737765173938e+01 -1.291429213083642891e+00
1.120216396661571068e+01 -1.540000000000000036e+00 1.627728427498811214e+01 -1.161706016554592935e+00 1.671503505079177287e+01 6.501437485042571574e-01
8.688093695495883395e+00 -4.374866151921730228e-01 1.886298997476167827e+01 -3.157046858096832498e-01 1.856833431359344999e+01 9.611671178830687445e-01
1.168734125162109194e+01 -1.466891191435540476e+00 1.510974021022236968e+01 -1.540000000000000036e+00 1.695736907842475816e+01 -5.419637078125560947e-02
1.274583373084822213e+01 -1.514897710111900331e+00 1.207702706376467461e+01 -1.384593082690973809e+00 1.652317276251397615e+01 3.651272992068641532e-01
1.152545515488723282e+01 -1.537711755245674938e+00 1.187307307362760156e+01 -8.871406036123705707e-01 1.864786790087941881e+01 1.844724192898716808e-01
1.278176629827978772e+01 -1.069458007204654670e+00 1.264487485465836158e+01 -1.065051123111520726e+00 1.527987797808555115e+01 3.564868494917234898e-01
1.161883952129863928e+01 -1.312358487566003262e+00 1.343948044680207232e+01 -1.540000000000000036e+00 2.100000000000000000e+01 -4.956715822406516647e-01
1.292143768218093669e+01 -1.540000000000000036e+00 1.313982019692272374e+01 -1.383655591141608854e+00 1.766674354757396515e+01 -9.942146308980349678e-01
1.119878075273642537e+01 -1.474068911971496476e+00 1.568794334172085669e+01 -1.461079621416047969e+00 2.097269309018417616e+01 -1.540000000000000036e+00
1.182372208287674908e+01 -1.540000000000000036e+00 1.596421214781744524e+01 -1.540000000000000036e+00 1.613958142253038375e+01 -9.659157246833186550e-01
1.295770848390981556e+01 -1.537023670555098365e+00 1.459208540986164238e+01 -1.540000000000000036e+00 1.549027959996744030e+01 -1.257082089089543775e+00
1.210949179933147946e+01 -1.415787522987414837e+00 1.600836208069862465e+01 -1.540000000000000036e+00 1.561715421713659069e+01 -1.409758314576630589e+00
9.775303179606819270e+00 -5.472841351219738248e-01 1.980391895356498821e+01 -9.577187981455733690e-01 2.090747613393729765e+01 -1.494330311991278748e+00
1.235833670000215889e+01 -1.319989946225393895e+00 1.453437989872413993e+01 -1.540000000000000036e+00 1.554122086585201146e+01 -1.642260963171036092e-01
1.346296649835404224e+01 -1.540000000000000036e+00 1.336593042558381583e+01 -1.540000000000000036e+00 1.649163988203128284e+01 -1.456853781046059115e-01
1.190980408966455428e+01 -1.533674395345351549e+00 1.526512888974948723e+01 -1.540000000000000036e+00 1.488007862254912439e+01 -3.077717068013148261e-01
1.364291143099039516e+01 -1.540000000000000036e+00 1.819151122765107687e+01 -1.540000000000000036e+00 2.038149182432824702e+01 -3.491861989474314143e-01
1.284355399846879564e+01 -1.540000000000000036e+00 1.469401110360978180e+01 -1.540000000000000036e+00 1.759906344489053964e+01 -5.502979646919403667e-01
1.006277687126473275e+01 -2.401720636112700813e-01 1.107269245110872369e+01 -1.416509328561153636e+00 2.074814417015343082e+01 2.109683862991054148e-01
1.288180143987780468e+01 -1.454107337886561213e+00 1.217091768217256131e+01 -1.540000000000000036e+00 1.931267904333833130e+01 1.448034241840148173e-01
1.331011355523948225e+01 -1.540000000000000036e+00 1.496647473884668855e+01 -1.540000000000000036e+00 2.098533372081013226e+01 4.909391717493627461e-02
1.317139502150392261e+01 -1.540000000000000036e+00 1.522610849396682298e+01 -1.540000000000000036e+00 1.545427454358011587e+01 -8.640054128570673342e-02
1.194134331926952441e+01 -1.540000000000000036e+00 1.443040599452113071e+01 -1.480245135022380643e+00 2.100000000000000000e+01 -4.076744018567277639e-01
1.218705590208331557e+01 -1.540000000000000036e+00 2.039048585270876401e+01 -1.540000000000000036e+00 2.058589158113748141e+01 -3.796534549647925250e-01
1.481197115220125937e+01 -1.540000000000000036e+00 1.384731469462593267e+01 -1.535093599971737000e+00 1.811542522247641074e+01 -9.616658895715457511e-02
1.278433425716998784e+01 -1.067357357230129367e+00 1.180801464900810416e+01 -1.424629221361572551e+00 2.019767380519850164e+01 -6.717564466192332828e-01
1.288571059134875085e+01 -1.346498833655703997e+00 1.371814602975668862e+01 -1.417582389119703690e+00 2.100000000000000000e+01 -3.012855151752933391e-01
8.642963082630465976e+00 -7.708893113131306540e-01 2.100000000000000000e+01 -1.432519328036816919e+00 2.100000000000000000e+01 -1.523364564991540604e-01
1.306722891304479717e+01 -1.539443594644102742e+00 1.721300666043025984e+01 -1.540000000000000036e+00 1.710363027972361749e+01 -5.146556277797547096e-01
1.118818000063943252e+01 -1.321615339914107068e+00 1.612202627379062747e+01 -1.540000000000000036e+00 1.821966192375971261e+01 -1.493661476320091719e-01
1.154567237042353511e+01 -1.402865225034561458e+00 1.787855258087725829e+01 -1.540000000000000036e+00 1.934960969475795878e+01 1.416827339283075471e-01
1.224231463457316949e+01 -1.270461060271435683e+00 1.527234650609858591e+01 -1.540000000000000036e+00 1.775260340224210509e+01 -3.527008575959873493e-01
1.134272599897475331e+01 -1.136350850020355185e+00 1.445117592228490011e+01 -1.540000000000000036e+00 1.757221910155762856e+01 -2.027005606755525324e-01
8.823691556337895037e+00 -7.794075511948381774e-01 2.016510248083412549e+01 -1.065201841633550472e+00 2.026682300914871249e+01 -3.637684142573813784e-01
1.468468783525599619e+01 -1.505298717739792513e+00 1.408528662938017462e+01 -1.540000000000000036e+00 1.747564180242572007e+01 5.325801858686465273e-01
1.251969788078518420e+01 -1.540000000000000036e+00 1.631454259626922365e+01 -1.540000000000000036e+00 2.100000000000000000e+01 -1.441921541395883022e-01
1.138870011387069425e+01 -1.540000000000000036e+00 1.842022950993375119e+01 -1.540000000000000036e+00 2.100000000000000000e+01 -6.626944699691361684e-02
1.081626344296588904e+01 -1.250340356484445525e+00 1.587281150843404731e+01 -1.540000000000000036e+00 1.633540881391190425e+01 -2.739502095144128457e-01
1.305789560459610144e+01 -1.259466959327139923e+00 1.304963544086890082e+01 -1.540000000000000036e+00 1.552394905960105476e+01 -7.750183624919267933e-01
1.291199373250044147e+01 -1.238805693239192429e+00 1.270267278679995115e+01 -1.540000000000000036e+00 1.646817352497530251e+01 3.019921066872683912e-01
1.063918052113129420e+01 -1.253969085429599284e+00 1.242178438832207732e+01 7.249897682377781649e-01 1.278797193357002726e+01 -3.626578449519335390e-01
1.152059795438447765e+01 -1.130271745014931994e+00 1.741564961100705133e+01 -1.540000000000000036e+00 2.029479598425019660e+01 -3.867022768958863210e-01
1.126396893743072702e+01 -1.231011838578200290e+00 1.315462563759963999e+01 -6.172401918885440653e-01 1.764882204557424572e+01 -7.364423126635388783e-02
1.018054643511166368e+01 -9.007661132669194659e-01 1.538018699471693651e+01 -9.102063969290796752e-01 2.100000000000000000e+01 -2.983453611856174970e-01
5.731349389042689424e+00 8.403065763110384445e-02 1.695586752346940074e+01 -1.520515637926843633e+00 1.860291847606393034e+01 -4.505272449250490308e-01
9.938936394762661664e+00 -1.228507332544748643e+00 1.907301722189257021e+01 -1.540000000000000036e+00 2.100000000000000000e+01 -4.546622598251421898e-01
1.216509381923174971e+01 -1.415060800517816464e+00 1.140222079451327275e+01 -1.540000000000000036e+00 1.945723611710607770e+01 -4.216972164020054148e-01
5.214155630477940839e+00 -9.968573324825880100e-02 1.465135548011357614e+01 -1.328630470866767110e+00 1.719158739161965954e+01 -3.128678045004817942e-01
9.524649429824675551e+00 -6.662679155520281338e-01 1.420803619823184150e+01 -1.540000000000000036e+00 2.100000000000000000e+01 -5.573066989993570308e-01
1.070760633911067572e+01 -1.199493152846271116e+00 1.202021472989105177e+01 -7.518546639123808717e-01 2.100000000000000000e+01 -1.401395724557111366e+00
1.234567410135546339e+01 -1.540000000000000036e+00 1.376883588321399188e+01 -1.540000000000000036e+00 1.666740396356024689e+01 -3.541727790263595743e-01
1.231727083205768736e+01 -1.329805654046296581e+00 1.727259651205124413e+01 -1.540000000000000036e+00 1.739233673830749538e+01 -1.519427633564989222e-01
1.157939936241786683e+01 -1.124830794694339886e+00 1.294142552793164924e+01 -1.540000000000000036e+00 1.847270643675284418e+01 -1.512136533979080433e-01
1.711833006568195970e+01 -1.540000000000000036e+00 1.874999532875075658e+01 -1.519443508793364206e+00 2.100000000000000000e+01 1.000000000000000000e+00
1.076460530661807979e+01 -1.275727273759625247e+00 1.680542663426788152e+01 -1.540000000000000036e+00 1.824021613521153640e+01 -1.880299029218952533e-01
1.227007903543956147e+01 -1.177824808195639505e+00 1.201831631742760820e+01 -1.540000000000000036e+00 2.013539699335642297e+01 -6.224925403383119171e-01
1.132636797279936758e+01 -1.128177643818188747e+00 1.421954116861211759e+01 -1.473724991910764892e+00 2.100000000000000000e+01 3.567453230223456284e-01
1.238208202352407383e+01 -1.540000000000000036e+00 1.283409329265287369e+01 -1.540000000000000036e+00 1.923905474749636468e+01 -1.759355108905458209e-01
1.181283038489402415e+01 -1.292922985348737619e+00 1.433582273448102740e+01 -1.540000000000000036e+00 1.653165447932915910e+01 3.273485852075397329e-01
1.125269580371993605e+01 -1.268183420590556443e+00 1.542980289316373899e+01 -1.540000000000000036e+00 2.100000000000000000e+01 -1.520887993701960372e-01
1.195267563491007223e+01 -9.976485144764442037e-01 1.669597069576837001e+01 -1.540000000000000036e+00 1.954555433527803388e+01 5.123730683790772567e-02
8.697311284366030293e+00 2.338216000710517939e-01 1.504496892520769435e+01 -9.689760009895473925e-01 2.100000000000000000e+01 -7.045637939047357801e-01
1.291102435326157760e+01 -1.476218932616562007e+00 1.305298869840073550e+01 -1.540000000000000036e+00 1.622986413997986688e+01 3.713370781779978813e-01
1.198681045818087298e+01 -1.210852391811812812e+00 1.573635583498050039e+01 -1.540000000000000036e+00 1.545047472842098557e+01 -1.809505004559053276e-01
1.205637386623818941e+01 -1.129289866307352064e+00 1.322357188064776778e+01 -1.540000000000000036e+00 1.928329135617448387e+01 9.055166253449051794e-01
1.135100318561304711e+01 -1.309766598689642070e+00 1.666174552854452529e+01 -1.540000000000000036e+00 1.812194421759649288e+01 -1.148140299594903935e+00
1.334119909564865125e+01 -1.368585138485097108e+00 1.313386275242135426e+01 -1.540000000000000036e+00 1.474646773014143974e+01 4.762192316294306949e-01
1.224158668785458914e+01 -1.540000000000000036e+00 1.253766861543781630e+01 -1.357242368172381308e+00 2.100000000000000000e+01 7.353481562928601001e-01
9.841799204701604964e+00 -9.688601972984314248e-01 1.981702939750751469e+01 -9.951285165229165619e-01 2.005467028486350856e+01 4.317297127431674042e-02
1.230460767144941059e+01 -1.264944055129768596e+00 1.349763987206286231e+01 -1.540000000000000036e+00 1.349570787048530107e+01 3.250543712722109291e-02
1.225248673889685591e+01 -1.513138869316841273e+00 1.258684757057461567e+01 -1.540000000000000036e+00 1.739070612216513467e+01 -5.573426634828715365e-02
1.226364618104954474e+01 -1.501436117170694917e+00 1.542100420880443323e+01 -1.067928547431880704e+00 2.099999984243243389e+01 -1.506696259183892828e-01
1.245368359258110402e+01 -1.473318229223628650e+00 1.483058107852007979e+01 -1.540000000000000036e+00 2.100000000000000000e+01 -4.033456776109469732e-01
1.126604172005000315e+01 -9.159459603218320645e-01 1.113304583480143251e+01 -1.539473846352545028e+00 1.724289566454890377e+01 -5.710352307699497754e-01
1.043404322758305547e+01 -1.492784417520824469e+00 2.100000000000000000e+01 -1.540000000000000036e+00 2.097265835946092238e+01 -9.482108800265397486e-01
