5.869999999999999574e+01 4.100000000000000000e+01 3.218571428571428328e+01
6.224285714285714732e+01 3.365714285714285126e+01 3.439999999999999858e+01
6.184285714285714164e+01 4.681428571428571672e+01 3.934285714285714874e+01
7.967142857142857792e+01 6.298571428571428754e+01 4.298571428571428044e+01
5.307142857142856940e+01 4.378571428571428470e+01 3.998571428571429465e+01
6.778571428571429180e+01 4.775714285714285268e+01 4.002857142857142492e+01
5.965714285714285126e+01 4.729999999999999716e+01 3.389999999999999858e+01
6.995714285714285552e+01 4.872857142857143486e+01 5.135714285714285410e+01
6.279999999999999716e+01 4.762857142857143344e+01 3.704285714285714448e+01
4.862857142857143344e+01 4.210000000000000142e+01 4.232857142857142918e+01
6.447142857142857508e+01 4.750000000000000000e+01 4.495714285714286262e+01
6.905714285714286405e+01 4.858571428571428896e+01 4.427142857142857224e+01
4.642857142857143060e+01 3.600000000000000000e+01 3.020000000000000284e+01
6.248571428571428044e+01 5.375714285714285978e+01 3.942857142857142350e+01
4.832857142857142918e+01 4.664285714285713880e+01 2.837142857142857011e+01
6.334285714285714164e+01 4.152857142857142492e+01 4.340000000000000568e+01
6.291428571428572525e+01 4.307142857142856940e+01 3.285714285714286120e+01
7.224285714285714732e+01 5.298571428571428044e+01 3.855714285714285694e+01
5.587142857142857366e+01 4.278571428571428470e+01 3.547142857142857508e+01
7.954285714285714448e+01 4.948571428571428754e+01 4.628571428571428470e+01
8.160000000000000853e+01 5.682857142857142918e+01 3.782857142857143629e+01
7.309999999999999432e+01 3.991428571428571104e+01 3.404285714285714448e+01
6.947142857142857508e+01 6.822857142857142776e+01 4.062857142857142634e+01
6.987142857142856656e+01 5.388571428571429323e+01 4.482857142857142918e+01
6.994285714285715017e+01 4.995714285714285552e+01 3.875714285714285978e+01
6.178571428571429180e+01 4.967142857142856371e+01 4.677142857142857224e+01
6.755714285714284983e+01 4.282857142857142918e+01 3.188571428571428257e+01
6.221428571428570820e+01 3.508571428571428896e+01 2.845714285714285907e+01
6.605714285714286405e+01 3.892857142857142350e+01 3.825714285714285268e+01
8.571428571428572241e+01 4.602857142857143202e+01 4.230000000000000426e+01
8.631428571428571672e+01 5.544285714285715017e+01 4.242857142857142350e+01
7.461428571428572809e+01 5.135714285714285410e+01 3.581428571428570962e+01
6.550000000000000000e+01 5.714285714285713880e+01 4.371428571428571530e+01
9.932857142857143629e+01 4.971428571428570820e+01 4.192857142857142350e+01
8.282857142857142208e+01 6.057142857142856229e+01 4.318571428571428328e+01
9.241428571428571104e+01 5.672857142857142776e+01 4.499999999999999289e+01
7.775714285714285268e+01 4.091428571428571104e+01 4.062857142857142634e+01
7.128571428571429180e+01 5.101428571428571246e+01 4.532857142857142918e+01
9.410000000000000853e+01 4.267142857142857082e+01 4.164285714285714590e+01
7.265714285714285836e+01 3.625714285714285268e+01 4.032857142857142208e+01
8.747142857142857508e+01 5.682857142857142918e+01 4.321428571428571530e+01
9.650000000000000000e+01 5.114285714285714590e+01 4.645714285714285552e+01
7.028571428571427759e+01 5.820000000000000995e+01 4.048571428571428044e+01
5.449999999999999289e+01 5.477142857142857224e+01 5.478571428571428470e+01
9.205714285714286405e+01 5.854285714285714448e+01 4.008571428571428896e+01
7.611428571428571388e+01 5.337142857142856656e+01 3.152857142857142847e+01
7.457142857142858361e+01 6.220000000000000284e+01 4.594285714285714306e+01
9.494285714285713595e+01 4.955714285714285694e+01 4.517142857142857082e+01
8.365714285714285836e+01 5.017142857142857792e+01 3.884285714285714874e+01
7.384285714285714164e+01 5.664285714285715301e+01 4.271428571428571530e+01
6.397142857142856798e+01 6.068571428571429038e+01 4.904285714285714448e+01
7.408571428571428896e+01 5.372857142857143486e+01 4.241428571428571814e+01
7.461428571428572809e+01 4.792857142857143060e+01 4.558571428571428186e+01
6.564285714285713880e+01 4.421428571428571530e+01 4.097142857142856798e+01
8.818571428571428328e+01 6.251428571428571956e+01 4.127142857142857224e+01
6.748571428571428044e+01 4.768571428571428328e+01 5.092857142857143060e+01
5.791428571428571814e+01 4.977142857142856514e+01 3.632857142857142918e+01
7.964285714285715301e+01 5.428571428571429180e+01 5.121428571428571530e+01
7.130000000000001137e+01 5.857142857142856229e+01 4.245714285714286262e+01
8.581428571428571672e+01 5.608571428571428186e+01 4.704285714285714448e+01
6.808571428571428896e+01 4.979999999999999716e+01 4.795714285714285552e+01
7.545714285714285552e+01 5.964285714285713880e+01 3.664285714285714590e+01
8.509999999999999432e+01 5.624285714285714732e+01 4.397142857142857508e+01
8.960000000000000853e+01 6.481428571428571672e+01 4.481428571428571672e+01
8.137142857142856656e+01 5.838571428571428612e+01 5.138571428571427901e+01
5.802857142857143202e+01 5.298571428571428044e+01 5.635714285714286120e+01
7.252857142857142492e+01 5.371428571428571530e+01 4.218571428571428328e+01
6.891428571428571104e+01 4.904285714285714448e+01 4.137142857142856656e+01
6.834285714285715585e+01 5.908571428571428896e+01 4.454285714285713738e+01
6.389999999999999858e+01 4.577142857142857224e+01 3.955714285714285694e+01
7.490000000000000568e+01 5.238571428571427901e+01 3.745714285714285552e+01
7.701428571428571956e+01 5.285714285714286120e+01 4.471428571428571530e+01
6.817142857142857792e+01 4.832857142857142918e+01 4.644285714285714306e+01
7.725714285714285268e+01 5.048571428571428754e+01 4.084285714285714874e+01
8.628571428571429180e+01 4.917142857142856371e+01 4.534285714285714164e+01
6.478571428571429180e+01 5.434285714285713453e+01 4.222857142857142776e+01
7.077142857142857224e+01 5.137142857142858077e+01 4.569999999999999574e+01
7.019999999999998863e+01 5.865714285714285126e+01 4.459999999999999432e+01
8.979999999999999716e+01 5.482857142857142918e+01 4.762857142857143344e+01
7.348571428571429465e+01 5.460000000000000142e+01 5.552857142857142492e+01
5.669999999999999574e+01 4.398571428571428044e+01 4.409999999999999432e+01
7.065714285714285836e+01 4.862857142857143344e+01 5.065714285714285836e+01
8.325714285714285268e+01 4.818571428571429038e+01 4.675714285714285268e+01
7.804285714285714448e+01 5.515714285714285836e+01 3.972857142857142776e+01
7.102857142857142492e+01 5.611428571428571388e+01 5.060000000000000142e+01
8.401428571428570535e+01 5.594285714285713595e+01 4.861428571428570677e+01
7.679999999999999716e+01 5.215714285714285836e+01 4.804285714285714448e+01
7.911428571428571388e+01 5.141428571428571104e+01 3.955714285714285694e+01
8.065714285714285836e+01 4.772857142857142776e+01 4.654285714285714448e+01
8.485714285714284699e+01 5.682857142857142918e+01 4.278571428571428470e+01
9.155714285714286405e+01 5.538571428571428612e+01 4.808571428571428896e+01
8.790000000000000568e+01 6.964285714285713880e+01 4.368571428571428328e+01
8.132857142857142208e+01 5.975714285714286689e+01 4.650000000000000000e+01
6.871428571428572241e+01 6.472857142857142776e+01 5.027142857142856514e+01
5.802857142857143202e+01 4.989999999999999858e+01 4.534285714285714164e+01
5.431428571428571672e+01 4.582857142857142918e+01 5.015714285714285836e+01
9.118571428571428328e+01 5.881428571428570962e+01 4.221428571428571530e+01
8.177142857142857224e+01 5.484285714285714874e+01 4.551428571428571956e+01
9.300000000000000000e+01 4.689999999999999858e+01 4.845714285714285552e+01
9.509999999999999432e+01 6.134285714285714164e+01 5.085714285714285410e+01
7.505714285714284983e+01 5.280000000000000426e+01 4.682857142857142918e+01
7.500000000000000000e+01 5.397142857142856798e+01 4.742857142857143060e+01
8.612857142857143344e+01 5.592857142857143060e+01 5.138571428571427901e+01
9.351428571428571956e+01 6.174285714285714732e+01 3.952857142857142492e+01
7.511428571428571388e+01 5.207142857142856940e+01 4.237142857142857366e+01
7.255714285714284983e+01 5.067142857142856371e+01 4.335714285714286120e+01
7.835714285714286120e+01 6.031428571428571672e+01 4.055714285714285694e+01
8.711428571428571388e+01 5.961428571428570677e+01 4.421428571428571530e+01
7.107142857142856940e+01 5.878571428571428470e+01 4.994285714285714306e+01
9.079999999999999716e+01 5.969999999999999574e+01 4.040000000000000568e+01
8.005714285714286405e+01 5.415714285714285836e+01 4.394285714285713595e+01
7.501428571428570535e+01 6.522857142857144197e+01 3.279999999999999716e+01
6.701428571428571956e+01 5.749999999999999289e+01 5.035714285714285410e+01
8.901428571428570535e+01 5.888571428571428612e+01 3.802857142857143202e+01
8.000000000000000000e+01 5.904285714285714448e+01 5.001428571428571956e+01
9.334285714285714164e+01 5.452857142857142492e+01 5.054285714285714448e+01
8.777142857142857224e+01 5.791428571428571814e+01 4.767142857142857792e+01
7.888571428571428612e+01 6.011428571428572099e+01 4.942857142857143060e+01
7.937142857142856656e+01 4.979999999999999716e+01 3.904285714285714448e+01
7.440000000000000568e+01 6.522857142857144197e+01 4.527142857142857224e+01
7.897142857142857508e+01 6.170000000000000284e+01 4.915714285714285836e+01
8.365714285714285836e+01 5.572857142857142776e+01 4.255714285714285694e+01
7.375714285714285268e+01 5.674285714285714022e+01 4.357142857142856940e+01
7.891428571428571104e+01 4.325714285714285978e+01 4.372857142857142776e+01
9.645714285714285552e+01 5.385714285714286120e+01 4.592857142857143060e+01
8.772857142857142776e+01 5.528571428571429180e+01 4.661428571428572099e+01
7.314285714285713880e+01 5.025714285714285268e+01 3.988571428571429323e+01
7.157142857142856940e+01 5.431428571428571672e+01 4.148571428571428044e+01
8.187142857142856656e+01 5.135714285714285410e+01 4.461428571428571388e+01
9.215714285714285836e+01 5.794285714285714306e+01 3.885714285714285410e+01
6.912857142857143344e+01 4.485714285714286120e+01 4.071428571428571530e+01
6.205714285714285694e+01 5.978571428571428470e+01 4.607142857142857650e+01
8.904285714285714448e+01 5.528571428571429180e+01 4.150000000000000000e+01
7.494285714285715017e+01 6.578571428571429180e+01 4.235714285714286120e+01
7.985714285714286120e+01 5.620000000000000284e+01 3.997142857142856798e+01
8.234285714285714164e+01 6.852857142857142492e+01 4.034285714285714874e+01
7.980000000000001137e+01 4.527142857142857224e+01 3.994285714285715017e+01
7.197142857142857508e+01 5.892857142857143060e+01 4.564285714285713880e+01
6.141428571428571104e+01 5.351428571428571246e+01 4.668571428571428328e+01
9.268571428571428328e+01 5.852857142857143202e+01 4.582857142857142918e+01
8.515714285714285836e+01 5.681428571428570251e+01 3.808571428571428896e+01
8.692857142857141639e+01 5.025714285714285268e+01 4.482857142857142918e+01
7.071428571428570820e+01 5.051428571428571246e+01 4.881428571428570962e+01
9.358571428571428896e+01 6.185714285714285410e+01 4.688571428571428612e+01
6.990000000000000568e+01 4.784285714285714164e+01 4.185714285714286120e+01
8.002857142857142492e+01 5.841428571428571104e+01 5.024285714285714732e+01
7.312857142857143344e+01 5.302857142857142492e+01 4.618571428571428328e+01
7.537142857142858077e+01 5.515714285714285836e+01 4.345714285714286262e+01
5.540000000000000568e+01 5.685714285714284699e+01 4.350000000000000711e+01
7.302857142857142492e+01 5.244285714285715017e+01 4.414285714285713880e+01
7.258571428571428896e+01 4.695714285714285552e+01 4.152857142857142492e+01
6.712857142857143344e+01 5.104285714285714448e+01 4.071428571428571530e+01
8.709999999999999432e+01 5.468571428571429038e+01 3.249999999999999289e+01
7.818571428571428328e+01 5.678571428571428470e+01 4.638571428571428612e+01
8.269999999999998863e+01 5.172857142857143486e+01 5.151428571428571246e+01
6.835714285714284699e+01 5.671428571428571530e+01 4.068571428571428328e+01
8.825714285714285268e+01 4.694285714285714306e+01 4.472857142857142776e+01
8.252857142857142492e+01 5.764285714285713880e+01 4.975714285714285268e+01
