3.700000000000000178e+00 1.000000000000000000e+00
4.102727095093978704e+00 9.189628950622090731e-01
4.506706046400865695e+00 8.358939756018181066e-01
4.913188710133573167e+00 7.487614270962270613e-01
5.323426942505009585e+00 6.555334350228357865e-01
5.738672599728085189e+00 5.541781848590441317e-01
6.160177538015708443e+00 4.426638620822523351e-01
6.589193613580789588e+00 3.189586521698601906e-01
7.026972682636238865e+00 1.810307405992676033e-01
7.474766601394964738e+00 2.684831284787453365e-02
7.939709771701382479e+00 -1.369357623487205688e-01
8.428936595399905585e+00 -3.036686162549192547e-01
8.949581474334946662e+00 -4.666973801351230744e-01
9.508778810350921873e+00 -6.193691852537336340e-01
1.011366300529224382e+01 -7.550311628751524839e-01
1.077136846100332690e+01 -8.670304442637811748e-01
1.148902957932858726e+01 -9.487141606840212571e-01
1.227378076211243041e+01 -9.934294434002743923e-01
1.311020909810079083e+01 -1.005832317425123579e+00
1.398290167603959411e+01 -9.905788077711517037e-01
1.487644558467476585e+01 -9.523249394509418764e-01
1.577542791275223166e+01 -8.957267374770772062e-01
1.666443574901791891e+01 -8.254402268621404692e-01
1.752805618221776029e+01 -7.461214326187148860e-01
1.835087630109767076e+01 -6.624263797593834546e-01
1.911748319440358301e+01 -5.790110932967291735e-01
1.983490351533224683e+01 -4.958406024311674543e-01
2.051016391708041198e+01 -4.128799363631136532e-01
2.115029105284482824e+01 -3.300941242929830155e-01
2.176231157582224540e+01 -2.474481954211910084e-01
2.235325213920941323e+01 -1.649071789481529327e-01
2.293013939620308150e+01 -8.243610407428414444e-02
2.350000000000000000e+01 0.000000000000000000e+00
