1.442460894584655762e+00 6.095762848854064941e-01 6.932719349861145020e-01
4.628036975860595703e+00 2.023272991180419922e+00 1.890156865119934082e+00
5.291741847991943359e+00 3.213933467864990234e+00 3.130336284637451172e+00
2.088596820831298828e+00 1.361247777938842773e+00 9.620193839073181152e-01
4.367510795593261719e+00 3.050792217254638672e+00 2.952762365341186523e+00
7.712220191955566406e+00 4.360940933227539062e+00 2.249573230743408203e+00
2.115605831146240234e+00 7.575487494468688965e-01 1.111073732376098633e+00
3.111576557159423828e+00 2.741915702819824219e+00 2.610933780670166016e+00
7.712316513061523438e+00 4.091775417327880859e+00 5.357592582702636719e+00
4.293568611145019531e+00 2.202916383743286133e+00 1.981841444969177246e+00
4.851927757263183594e+00 3.698521852493286133e+00 4.304539680480957031e+00
2.518291473388671875e+00 1.437269091606140137e+00 9.535977840423583984e-01
8.422569274902343750e+00 3.614804506301879883e+00 5.477764129638671875e+00
2.961042404174804688e+00 2.404515981674194336e+00 1.517642498016357422e+00
3.700298309326171875e+00 2.015360116958618164e+00 2.014510631561279297e+00
8.434497833251953125e+00 4.223408222198486328e+00 4.386783123016357422e+00
8.484734535217285156e+00 3.687646150588989258e+00 5.528563022613525391e+00
2.763402700424194336e+00 1.521536946296691895e+00 1.306761384010314941e+00
4.629365921020507812e+00 3.458716392517089844e+00 1.916663408279418945e+00
8.502910614013671875e+00 3.717005252838134766e+00 5.478837490081787109e+00
3.821503400802612305e+00 2.041584253311157227e+00 2.080558061599731445e+00
6.881018638610839844e+00 3.976816654205322266e+00 4.488033771514892578e+00
3.810085296630859375e+00 3.144464254379272461e+00 3.462769269943237305e+00
8.196147918701171875e+00 4.052476406097412109e+00 5.521520614624023438e+00
5.286024093627929688e+00 3.286601066589355469e+00 3.036757230758666992e+00
4.841217041015625000e+00 3.695538043975830078e+00 4.304567337036132812e+00
4.673635959625244141e+00 2.951340198516845703e+00 2.497365713119506836e+00
7.054726600646972656e+00 3.794715881347656250e+00 4.384874343872070312e+00
3.721710681915283203e+00 2.965414524078369141e+00 2.311172485351562500e+00
3.951088666915893555e+00 2.215477943420410156e+00 2.370012998580932617e+00
4.695104598999023438e+00 2.545557975769042969e+00 2.366787195205688477e+00
5.016237735748291016e+00 2.531776666641235352e+00 2.410214662551879883e+00
8.470129966735839844e+00 3.809353828430175781e+00 5.475801467895507812e+00
2.171772480010986328e+00 1.669006943702697754e+00 1.928475260734558105e+00
7.485636234283447266e+00 4.143100261688232422e+00 5.431779861450195312e+00
8.064823150634765625e+00 4.129617214202880859e+00 5.581261634826660156e+00
6.757402420043945312e+00 3.012365818023681641e+00 4.107292175292968750e+00
7.143914222717285156e+00 3.731194734573364258e+00 4.285268783569335938e+00
6.864894390106201172e+00 3.971126794815063477e+00 4.526933193206787109e+00
3.111404418945312500e+00 2.218986034393310547e+00 1.222043633460998535e+00
7.636728286743164062e+00 4.080347537994384766e+00 5.463736534118652344e+00
5.829176902770996094e+00 3.634621858596801758e+00 2.663489580154418945e+00
5.480962753295898438e+00 2.505369663238525391e+00 2.468446016311645508e+00
3.595640420913696289e+00 2.521702289581298828e+00 1.880251169204711914e+00
8.531450271606445312e+00 4.116569519042968750e+00 5.622941493988037109e+00
3.718975543975830078e+00 2.075209617614746094e+00 2.238162517547607422e+00
4.945489883422851562e+00 2.984506845474243164e+00 3.030938148498535156e+00
4.820588588714599609e+00 3.967015743255615234e+00 4.880192756652832031e+00
5.875460147857666016e+00 3.241055727005004883e+00 3.157513856887817383e+00
7.799462318420410156e+00 4.067707538604736328e+00 5.375380516052246094e+00
5.336504936218261719e+00 3.965808153152465820e+00 2.974651575088500977e+00
5.786011219024658203e+00 3.335814714431762695e+00 3.178966045379638672e+00
3.586294174194335938e+00 1.813427805900573730e+00 1.480089902877807617e+00
8.414868354797363281e+00 3.723753213882446289e+00 5.449466705322265625e+00
4.266715049743652344e+00 3.173707485198974609e+00 2.901109457015991211e+00
8.933803558349609375e+00 3.960814714431762695e+00 5.517794609069824219e+00
5.710114479064941406e+00 3.105164289474487305e+00 2.923605680465698242e+00
5.226397514343261719e+00 2.737523317337036133e+00 2.646000623703002930e+00
8.758843421936035156e+00 3.617800235748291016e+00 4.242166042327880859e+00
6.589797019958496094e+00 2.926728725433349609e+00 3.806746482849121094e+00
2.037734031677246094e+00 1.641103506088256836e+00 1.071038484573364258e+00
7.087677955627441406e+00 3.779488801956176758e+00 4.338804721832275391e+00
6.988128662109375000e+00 3.355329036712646484e+00 4.642571449279785156e+00
2.165775775909423828e+00 8.841947913169860840e-01 9.863933324813842773e-01
7.746915340423583984e+00 4.147054672241210938e+00 5.422907352447509766e+00
8.051852226257324219e+00 4.220393657684326172e+00 5.573905944824218750e+00
3.740508317947387695e+00 2.078770160675048828e+00 2.245591163635253906e+00
8.094706535339355469e+00 4.084728240966796875e+00 5.557863712310791016e+00
5.374534130096435547e+00 3.353183984756469727e+00 3.058486938476562500e+00
5.582469940185546875e+00 3.647960901260375977e+00 3.491146087646484375e+00
6.091302871704101562e+00 3.837875843048095703e+00 2.920942068099975586e+00
4.822339057922363281e+00 2.296205759048461914e+00 2.289752006530761719e+00
8.720177650451660156e+00 3.967420101165771484e+00 5.478021621704101562e+00
4.838576793670654297e+00 3.974141597747802734e+00 4.892765522003173828e+00
3.836478233337402344e+00 1.683282375335693359e+00 2.147437334060668945e+00
2.132398605346679688e+00 1.560778260231018066e+00 1.894366025924682617e+00
7.502529144287109375e+00 4.146430015563964844e+00 5.440105915069580078e+00
4.914952278137207031e+00 2.568314552307128906e+00 2.231905698776245117e+00
5.233986377716064453e+00 2.806541919708251953e+00 2.492471933364868164e+00
5.364022254943847656e+00 3.993547201156616211e+00 3.044003963470458984e+00
4.696222782135009766e+00 2.758430719375610352e+00 2.695701837539672852e+00
4.691652774810791016e+00 2.751693248748779297e+00 2.679339170455932617e+00
8.521052360534667969e+00 4.078811645507812500e+00 5.608568668365478516e+00
8.695837974548339844e+00 3.940053701400756836e+00 5.591302871704101562e+00
8.560010910034179688e+00 4.134991168975830078e+00 5.650849819183349609e+00
6.966822624206542969e+00 4.049777030944824219e+00 4.620614051818847656e+00
2.147532939910888672e+00 1.667010903358459473e+00 1.920206665992736816e+00
3.704827785491943359e+00 1.715934514999389648e+00 1.600286126136779785e+00
2.683894872665405273e+00 1.483565688133239746e+00 1.820751309394836426e+00
3.528790473937988281e+00 1.529282450675964355e+00 1.590686082839965820e+00
5.901071071624755859e+00 3.358408927917480469e+00 3.210151195526123047e+00
8.346269607543945312e+00 3.896989345550537109e+00 5.510092735290527344e+00
4.191410541534423828e+00 2.509453773498535156e+00 2.633315324783325195e+00
3.653236389160156250e+00 2.355512857437133789e+00 2.511318683624267578e+00
6.542548179626464844e+00 3.258283615112304688e+00 3.913260459899902344e+00
3.236499547958374023e+00 2.408058881759643555e+00 1.583934664726257324e+00
5.067411422729492188e+00 2.332640647888183594e+00 2.583396911621093750e+00
8.321948051452636719e+00 3.665222644805908203e+00 5.260827541351318359e+00
4.628900051116943359e+00 2.964169025421142578e+00 2.569218158721923828e+00
5.132842063903808594e+00 3.044262170791625977e+00 2.883391857147216797e+00
