4.723454475402832031e+00 1.704477906227111816e+00 9.790833592414855957e-01
4.263885974884033203e+00 1.955258607864379883e+00 1.322767496109008789e+00
9.291645050048828125e+00 3.418280124664306641e+00 2.234903812408447266e+00
5.745351791381835938e+00 2.834291458129882812e+00 2.149304389953613281e+00
5.662279129028320312e+00 2.797616243362426758e+00 2.120350599288940430e+00
5.512267589569091797e+00 2.720247030258178711e+00 2.075992584228515625e+00
5.698354721069335938e+00 2.799278974533081055e+00 2.121462583541870117e+00
5.729101181030273438e+00 2.820224285125732422e+00 2.139672279357910156e+00
7.691153526306152344e+00 2.993397235870361328e+00 1.961138725280761719e+00
3.352442026138305664e+00 1.953011989593505859e+00 1.343808054924011230e+00
3.444571733474731445e+00 1.732386946678161621e+00 1.146031618118286133e+00
4.901625156402587891e+00 2.522709608078002930e+00 1.835040450096130371e+00
4.699281215667724609e+00 1.681792020797729492e+00 9.852393269538879395e-01
7.356282234191894531e+00 2.632664680480957031e+00 1.639569878578186035e+00
9.270920753479003906e+00 3.412063837051391602e+00 2.234285116195678711e+00
7.182276725769042969e+00 2.846236944198608398e+00 1.919162750244140625e+00
3.530079126358032227e+00 1.632844567298889160e+00 9.851353168487548828e-01
7.917961120605468750e+00 2.899210691452026367e+00 1.878351092338562012e+00
7.154992103576660156e+00 2.834925413131713867e+00 1.898176074028015137e+00
5.397539615631103516e+00 2.217456102371215820e+00 1.494703173637390137e+00
4.005494117736816406e+00 1.704713582992553711e+00 1.152433156967163086e+00
5.634003162384033203e+00 2.761793613433837891e+00 2.110005378723144531e+00
3.236364364624023438e+00 1.470881104469299316e+00 8.294273614883422852e-01
8.226528167724609375e+00 3.046736478805541992e+00 1.965588092803955078e+00
7.699659824371337891e+00 3.249064207077026367e+00 2.290079593658447266e+00
8.395995140075683594e+00 3.212576389312744141e+00 2.109491348266601562e+00
7.884766101837158203e+00 3.130812883377075195e+00 2.104716539382934570e+00
4.755692005157470703e+00 2.188633441925048828e+00 1.510270357131958008e+00
5.889579296112060547e+00 2.261944055557250977e+00 1.511921405792236328e+00
5.609507083892822266e+00 2.785917520523071289e+00 2.104718208312988281e+00
2.827150583267211914e+00 1.559769153594970703e+00 1.010028004646301270e+00
5.343937397003173828e+00 2.608374595642089844e+00 1.944288134574890137e+00
6.956284523010253906e+00 2.641835212707519531e+00 1.691490530967712402e+00
8.128167152404785156e+00 2.900390625000000000e+00 1.816498398780822754e+00
4.585832595825195312e+00 2.536290407180786133e+00 1.803745985031127930e+00
9.242288589477539062e+00 3.419961929321289062e+00 2.272708177566528320e+00
4.265806198120117188e+00 1.820556402206420898e+00 1.101744055747985840e+00
7.863566875457763672e+00 3.223238468170166016e+00 2.134071111679077148e+00
7.448645114898681641e+00 3.139237165451049805e+00 2.141810417175292969e+00
7.872771739959716797e+00 3.111335992813110352e+00 2.082160949707031250e+00
5.418258190155029297e+00 2.687150001525878906e+00 2.057548999786376953e+00
8.640312194824218750e+00 3.192848205566406250e+00 2.031891107559204102e+00
6.743359088897705078e+00 2.707025289535522461e+00 1.749545454978942871e+00
8.532991409301757812e+00 3.167765378952026367e+00 2.017157793045043945e+00
9.134141921997070312e+00 3.307472944259643555e+00 2.159310579299926758e+00
3.284526109695434570e+00 1.890893459320068359e+00 1.261168837547302246e+00
9.206085205078125000e+00 3.396183013916015625e+00 2.225692749023437500e+00
9.094237327575683594e+00 3.298932075500488281e+00 2.158702373504638672e+00
8.991440773010253906e+00 3.429178953170776367e+00 2.354385614395141602e+00
7.232987880706787109e+00 2.587777137756347656e+00 1.586668729782104492e+00
2.979069948196411133e+00 1.292461872100830078e+00 8.663689494132995605e-01
5.630681037902832031e+00 2.730641365051269531e+00 2.089077711105346680e+00
5.039428234100341797e+00 2.404352188110351562e+00 1.800037145614624023e+00
7.659604549407958984e+00 3.238407850265502930e+00 2.283031702041625977e+00
8.676338195800781250e+00 3.233849525451660156e+00 2.112468481063842773e+00
6.989782810211181641e+00 2.698809146881103516e+00 1.768726587295532227e+00
3.815955162048339844e+00 1.643983006477355957e+00 9.809299111366271973e-01
2.948259115219116211e+00 1.311893343925476074e+00 8.989306688308715820e-01
7.341421127319335938e+00 2.631021261215209961e+00 1.611659288406372070e+00
7.182550430297851562e+00 2.759411573410034180e+00 1.735413670539855957e+00
3.711711883544921875e+00 1.565700411796569824e+00 9.525608420372009277e-01
5.319037914276123047e+00 2.665266513824462891e+00 1.995135903358459473e+00
4.856179237365722656e+00 1.806753873825073242e+00 1.085596084594726562e+00
4.111517906188964844e+00 1.969504714012145996e+00 1.278403282165527344e+00
8.610588073730468750e+00 3.219628095626831055e+00 2.106171607971191406e+00
3.813591003417968750e+00 1.934619784355163574e+00 1.259954094886779785e+00
2.855713844299316406e+00 1.438378214836120605e+00 8.226911425590515137e-01
2.777892827987670898e+00 1.379504561424255371e+00 7.807835340499877930e-01
5.819941997528076172e+00 3.061537265777587891e+00 2.266560316085815430e+00
4.114985942840576172e+00 1.777508854866027832e+00 1.101508736610412598e+00
5.547760009765625000e+00 2.543851852416992188e+00 1.773933410644531250e+00
4.268092632293701172e+00 2.006103038787841797e+00 1.289016127586364746e+00
5.999985694885253906e+00 2.789090633392333984e+00 2.064224958419799805e+00
2.936306238174438477e+00 1.388611912727355957e+00 7.828298807144165039e-01
4.011917114257812500e+00 1.774737238883972168e+00 1.110118150711059570e+00
8.373133659362792969e+00 3.192037582397460938e+00 2.104737043380737305e+00
8.731524467468261719e+00 3.246968507766723633e+00 2.120147705078125000e+00
6.948313236236572266e+00 2.733905315399169922e+00 1.724704384803771973e+00
3.984346628189086914e+00 2.033365249633789062e+00 1.470327138900756836e+00
8.367469787597656250e+00 3.193154811859130859e+00 2.108325004577636719e+00
4.055535316467285156e+00 2.185853719711303711e+00 1.519331574440002441e+00
9.185949325561523438e+00 3.372694015502929688e+00 2.208060264587402344e+00
3.073880672454833984e+00 1.418033361434936523e+00 8.780979514122009277e-01
6.389774799346923828e+00 2.813885688781738281e+00 2.037790060043334961e+00
8.574434280395507812e+00 3.178299903869628906e+00 2.109523296356201172e+00
5.943593502044677734e+00 2.543833971023559570e+00 1.723129630088806152e+00
5.027307510375976562e+00 1.954724550247192383e+00 1.288105010986328125e+00
7.258989334106445312e+00 2.883659601211547852e+00 1.933622717857360840e+00
4.891345500946044922e+00 2.376737117767333984e+00 1.794856786727905273e+00
5.472518920898437500e+00 2.673094987869262695e+00 1.979325652122497559e+00
5.573386669158935547e+00 2.766030311584472656e+00 2.092720031738281250e+00
4.157722949981689453e+00 1.765733599662780762e+00 1.201340675354003906e+00
6.096000671386718750e+00 2.699187278747558594e+00 1.853082537651062012e+00
4.652773857116699219e+00 1.869945883750915527e+00 1.139833927154541016e+00
4.746356487274169922e+00 1.977239966392517090e+00 1.181759357452392578e+00
5.572412490844726562e+00 2.791341304779052734e+00 2.092094898223876953e+00
6.150310516357421875e+00 2.906901121139526367e+00 2.148559093475341797e+00
3.793081283569335938e+00 1.662350296974182129e+00 9.474808573722839355e-01
3.181396961212158203e+00 1.515607953071594238e+00 1.036158084869384766e+00
4.378171920776367188e+00 2.435205221176147461e+00 1.707536816596984863e+00
