1.293749213218688965e+00 5.758700370788574219e-01 6.408417224884033203e-01
5.075496673583984375e+00 2.493026733398437500e+00 2.404858112335205078e+00
4.783908367156982422e+00 3.608192920684814453e+00 5.013873577117919922e+00
3.229785203933715820e+00 1.550434947013854980e+00 2.620571613311767578e+00
5.108592510223388672e+00 2.585929632186889648e+00 2.472101926803588867e+00
5.519326686859130859e+00 3.787971735000610352e+00 5.129709243774414062e+00
6.470991134643554688e+00 2.828758001327514648e+00 3.281472206115722656e+00
7.309952735900878906e+00 3.241582870483398438e+00 4.682441711425781250e+00
3.611223459243774414e+00 1.847985267639160156e+00 1.656529307365417480e+00
2.407015562057495117e+00 3.074732065200805664e+00 2.715909242630004883e+00
3.245800495147705078e+00 1.722803592681884766e+00 2.580563306808471680e+00
5.665156841278076172e+00 4.327053070068359375e+00 4.279317378997802734e+00
7.801194190979003906e+00 4.147963523864746094e+00 5.548804283142089844e+00
6.577618598937988281e+00 4.173130035400390625e+00 3.609335899353027344e+00
5.956985473632812500e+00 4.041629314422607422e+00 3.639370679855346680e+00
2.701766967773437500e+00 1.438395619392395020e+00 1.533156394958496094e+00
8.111627578735351562e+00 3.772527217864990234e+00 5.373795986175537109e+00
6.364614486694335938e+00 3.434609413146972656e+00 3.356163978576660156e+00
5.949651241302490234e+00 2.873852252960205078e+00 3.255036354064941406e+00
7.726183891296386719e+00 4.127717494964599609e+00 5.508963584899902344e+00
8.411059379577636719e+00 4.069287300109863281e+00 5.639544963836669922e+00
8.327208518981933594e+00 3.861431360244750977e+00 5.458308696746826172e+00
5.773622512817382812e+00 4.214976310729980469e+00 3.847794294357299805e+00
5.086881160736083984e+00 4.115347385406494141e+00 4.648816585540771484e+00
7.530721187591552734e+00 4.136935234069824219e+00 5.359649181365966797e+00
8.267026901245117188e+00 3.747381210327148438e+00 5.344724178314208984e+00
3.803406476974487305e+00 3.189726114273071289e+00 3.127925157546997070e+00
4.955412864685058594e+00 4.294424533843994141e+00 4.602369308471679688e+00
8.195307731628417969e+00 3.674047946929931641e+00 5.294342041015625000e+00
6.774633407592773438e+00 3.743958950042724609e+00 4.570814132690429688e+00
3.014916658401489258e+00 1.688644051551818848e+00 2.551700115203857422e+00
5.443973541259765625e+00 3.887039184570312500e+00 2.829751253128051758e+00
4.213275432586669922e+00 3.143777608871459961e+00 2.172880887985229492e+00
8.137869834899902344e+00 3.909157276153564453e+00 5.491191864013671875e+00
4.735424041748046875e+00 2.268629312515258789e+00 2.484416961669921875e+00
8.355172157287597656e+00 3.945001125335693359e+00 5.512652397155761719e+00
3.914412260055541992e+00 1.947697877883911133e+00 2.007297754287719727e+00
7.578646183013916016e+00 4.082564353942871094e+00 5.488495349884033203e+00
7.938683986663818359e+00 3.567352056503295898e+00 5.189287185668945312e+00
3.275831460952758789e+00 2.907765865325927734e+00 2.609966754913330078e+00
7.912090778350830078e+00 4.017203807830810547e+00 5.520725250244140625e+00
8.472055435180664062e+00 3.837555408477783203e+00 5.418144702911376953e+00
7.548054218292236328e+00 3.333679437637329102e+00 4.768154621124267578e+00
5.923658847808837891e+00 3.962085247039794922e+00 3.892690896987915039e+00
8.340710639953613281e+00 3.892468690872192383e+00 5.480371952056884766e+00
6.486154079437255859e+00 3.824483871459960938e+00 3.249045848846435547e+00
3.286601066589355469e+00 2.939658880233764648e+00 2.624594449996948242e+00
6.536630630493164062e+00 3.540168762207031250e+00 4.059934139251708984e+00
4.123871803283691406e+00 1.964859485626220703e+00 3.233530759811401367e+00
7.100593090057373047e+00 3.047554016113281250e+00 4.257248401641845703e+00
7.951692581176757812e+00 3.499759435653686523e+00 5.043093681335449219e+00
6.457798957824707031e+00 4.172887325286865234e+00 3.438767194747924805e+00
5.623092174530029297e+00 2.614712953567504883e+00 3.151014089584350586e+00
6.239171028137207031e+00 3.762520790100097656e+00 3.406685352325439453e+00
8.160863876342773438e+00 3.564490079879760742e+00 5.131383895874023438e+00
6.061265468597412109e+00 3.804572343826293945e+00 2.475318193435668945e+00
8.262790679931640625e+00 3.985307693481445312e+00 5.596759319305419922e+00
5.778275966644287109e+00 3.154767036437988281e+00 1.979233026504516602e+00
2.021947383880615234e+00 8.826257586479187012e-01 1.273913383483886719e+00
7.893783092498779297e+00 3.464974641799926758e+00 4.991699218750000000e+00
4.396812915802001953e+00 3.254598140716552734e+00 4.990235328674316406e+00
6.122896671295166016e+00 4.201002597808837891e+00 4.933509826660156250e+00
7.097485542297363281e+00 3.046235561370849609e+00 4.255783557891845703e+00
8.060495376586914062e+00 3.559561252593994141e+00 4.939563751220703125e+00
6.096382141113281250e+00 4.359513282775878906e+00 4.436024188995361328e+00
8.210336685180664062e+00 4.005285263061523438e+00 5.526319026947021484e+00
5.196176528930664062e+00 3.885294437408447266e+00 3.464647769927978516e+00
6.025138854980468750e+00 3.669726848602294922e+00 3.577082395553588867e+00
7.937635898590087891e+00 4.011214733123779297e+00 5.569349765777587891e+00
7.946388721466064453e+00 3.644000530242919922e+00 5.019207954406738281e+00
5.436556339263916016e+00 3.534721612930297852e+00 2.812064170837402344e+00
8.263382911682128906e+00 4.002230167388916016e+00 5.535449028015136719e+00
2.927939653396606445e+00 1.819053173065185547e+00 2.271276473999023438e+00
4.221518516540527344e+00 4.140960216522216797e+00 4.325626373291015625e+00
8.209249496459960938e+00 4.013804435729980469e+00 5.524016857147216797e+00
6.777690410614013672e+00 3.773674964904785156e+00 4.223950386047363281e+00
2.160510063171386719e+00 1.050480246543884277e+00 1.389464735984802246e+00
5.603264331817626953e+00 3.502476215362548828e+00 2.894423484802246094e+00
2.478546380996704102e+00 1.493677496910095215e+00 1.855633020401000977e+00
5.097650527954101562e+00 4.137761116027832031e+00 3.905859470367431641e+00
4.978782176971435547e+00 4.090672492980957031e+00 3.790672540664672852e+00
5.452305793762207031e+00 4.270942687988281250e+00 4.929458618164062500e+00
5.027357578277587891e+00 3.035495281219482422e+00 1.868036508560180664e+00
6.332983016967773438e+00 3.659317970275878906e+00 3.336561441421508789e+00
5.147959709167480469e+00 3.669644355773925781e+00 2.962309122085571289e+00
7.753184318542480469e+00 3.416581153869628906e+00 4.835949420928955078e+00
8.268558502197265625e+00 3.762143373489379883e+00 5.384537696838378906e+00
5.051166534423828125e+00 3.630270004272460938e+00 5.054997444152832031e+00
5.075971126556396484e+00 3.883752107620239258e+00 3.419670343399047852e+00
2.151914119720458984e+00 1.031224846839904785e+00 1.266652345657348633e+00
8.102702140808105469e+00 4.191017627716064453e+00 5.627950191497802734e+00
7.970864772796630859e+00 3.917268753051757812e+00 5.560032844543457031e+00
8.185530662536621094e+00 3.805459737777709961e+00 5.438581943511962891e+00
3.674880266189575195e+00 2.327726840972900391e+00 2.309409618377685547e+00
4.420856475830078125e+00 4.261773109436035156e+00 4.734079360961914062e+00
2.413132667541503906e+00 1.127466917037963867e+00 1.520836472511291504e+00
5.336124897003173828e+00 2.551394224166870117e+00 3.157937288284301758e+00
5.776761531829833984e+00 3.632182598114013672e+00 2.422825336456298828e+00
5.623575210571289062e+00 4.203489303588867188e+00 3.773544788360595703e+00
8.150653839111328125e+00 3.688586711883544922e+00 5.211873054504394531e+00
