5.592732906341552734e+00 4.131762027740478516e+00 3.137648105621337891e+00
7.910988807678222656e+00 4.635088920593261719e+00 5.461307525634765625e+00
5.460778236389160156e+00 4.775598049163818359e+00 2.415994167327880859e+00
1.746080279350280762e+00 5.081858038902282715e-01 5.562123060226440430e-01
5.663328647613525391e+00 5.065848350524902344e+00 2.308426856994628906e+00
5.708603382110595703e+00 5.064018249511718750e+00 2.831308841705322266e+00
6.125171184539794922e+00 4.276837825775146484e+00 3.384475708007812500e+00
7.758533954620361328e+00 4.665194988250732422e+00 5.440038681030273438e+00
4.780437946319580078e+00 1.652256250381469727e+00 2.376607418060302734e+00
7.989662170410156250e+00 4.353476047515869141e+00 4.709684371948242188e+00
6.803577899932861328e+00 2.591259956359863281e+00 2.776095151901245117e+00
4.889453411102294922e+00 5.061109066009521484e+00 2.533329963684082031e+00
3.257229328155517578e+00 1.131273150444030762e+00 1.872315645217895508e+00
6.270973205566406250e+00 2.703458309173583984e+00 3.944181203842163086e+00
8.174582481384277344e+00 4.366590499877929688e+00 5.469123840332031250e+00
2.966699123382568359e+00 1.089321255683898926e+00 1.968492507934570312e+00
8.227244377136230469e+00 4.448773384094238281e+00 4.913543701171875000e+00
6.116816520690917969e+00 4.290388107299804688e+00 3.134409189224243164e+00
8.384236335754394531e+00 4.509451389312744141e+00 5.134293079376220703e+00
4.232050895690917969e+00 2.922172784805297852e+00 1.816626310348510742e+00
7.534533500671386719e+00 4.233999252319335938e+00 4.515627384185791016e+00
5.915077209472656250e+00 4.941788673400878906e+00 3.494142293930053711e+00
5.929464817047119141e+00 3.691697359085083008e+00 3.672042369842529297e+00
4.692270278930664062e+00 3.177190303802490234e+00 2.434357881546020508e+00
6.010369777679443359e+00 3.534955978393554688e+00 4.287074565887451172e+00
3.196855306625366211e+00 1.245579361915588379e+00 2.101694345474243164e+00
5.483852386474609375e+00 3.316021680831909180e+00 2.681959152221679688e+00
4.216926097869873047e+00 1.375706315040588379e+00 2.229769706726074219e+00
6.347198009490966797e+00 3.499525547027587891e+00 3.848542928695678711e+00
7.839785575866699219e+00 4.851335525512695312e+00 4.386426448822021484e+00
5.606890678405761719e+00 4.590205192565917969e+00 2.918981790542602539e+00
5.850017547607421875e+00 4.086029052734375000e+00 2.267377138137817383e+00
5.386073112487792969e+00 5.058887481689453125e+00 2.709877252578735352e+00
6.242965221405029297e+00 3.736183643341064453e+00 3.123106956481933594e+00
8.044939041137695312e+00 4.568056583404541016e+00 5.461583137512207031e+00
8.335237503051757812e+00 4.381159782409667969e+00 5.040103912353515625e+00
8.245172500610351562e+00 4.298281669616699219e+00 4.960368156433105469e+00
8.721215248107910156e+00 3.690632581710815430e+00 3.645247459411621094e+00
8.012036323547363281e+00 4.601078987121582031e+00 5.495876312255859375e+00
5.441152572631835938e+00 1.838286876678466797e+00 1.388359069824218750e+00
4.405443668365478516e+00 2.475349187850952148e+00 1.440038561820983887e+00
8.195555686950683594e+00 4.645236968994140625e+00 5.660430908203125000e+00
4.492506027221679688e+00 4.993125915527343750e+00 1.904297232627868652e+00
7.939925670623779297e+00 5.058452606201171875e+00 2.186438798904418945e+00
5.701125621795654297e+00 3.285679578781127930e+00 2.982319831848144531e+00
8.209912300109863281e+00 4.205044269561767578e+00 5.460374355316162109e+00
6.020267486572265625e+00 4.949044704437255859e+00 2.845469236373901367e+00
7.335005283355712891e+00 3.633588075637817383e+00 2.366144657135009766e+00
5.880545139312744141e+00 3.886544704437255859e+00 2.581793308258056641e+00
3.464012861251831055e+00 2.203777074813842773e+00 1.604910969734191895e+00
6.356962203979492188e+00 3.271361112594604492e+00 3.056433439254760742e+00
8.212469100952148438e+00 4.464361190795898438e+00 5.555498600006103516e+00
3.756772279739379883e+00 4.980374336242675781e+00 1.920137286186218262e+00
7.927757740020751953e+00 4.477669715881347656e+00 2.049562931060791016e+00
4.077245235443115234e+00 4.389765262603759766e+00 3.006178140640258789e+00
7.962903976440429688e+00 4.602463245391845703e+00 4.662946701049804688e+00
5.737554073333740234e+00 3.309982538223266602e+00 3.651358842849731445e+00
5.862479686737060547e+00 3.555305957794189453e+00 2.861467123031616211e+00
3.338586330413818359e+00 1.747490048408508301e+00 1.407266736030578613e+00
7.681901454925537109e+00 3.516919851303100586e+00 2.450724124908447266e+00
5.379536628723144531e+00 3.028475522994995117e+00 1.952625036239624023e+00
9.217351913452148438e+00 3.831722736358642578e+00 3.797279119491577148e+00
5.840775012969970703e+00 3.873296737670898438e+00 1.814802765846252441e+00
6.521213531494140625e+00 2.800860166549682617e+00 2.604191541671752930e+00
5.357894420623779297e+00 4.702118873596191406e+00 2.217714548110961914e+00
5.820691585540771484e+00 1.659064888954162598e+00 1.783333659172058105e+00
4.972939491271972656e+00 2.959369659423828125e+00 3.890117645263671875e+00
6.102485179901123047e+00 2.342974901199340820e+00 2.154090642929077148e+00
3.857487440109252930e+00 3.513772249221801758e+00 1.128928422927856445e+00
8.445996284484863281e+00 4.447258949279785156e+00 5.569874763488769531e+00
5.539306163787841797e+00 2.765492439270019531e+00 2.290426969528198242e+00
7.237996101379394531e+00 5.049778461456298828e+00 2.259546995162963867e+00
8.189372062683105469e+00 4.197411060333251953e+00 5.454409122467041016e+00
8.135141372680664062e+00 4.511796951293945312e+00 5.459650039672851562e+00
8.226350784301757812e+00 4.290350914001464844e+00 5.459744453430175781e+00
6.012448310852050781e+00 3.054026603698730469e+00 2.528034687042236328e+00
5.681118488311767578e+00 3.594995737075805664e+00 1.639164090156555176e+00
6.007023334503173828e+00 3.567704677581787109e+00 2.885977983474731445e+00
4.377058029174804688e+00 4.924150943756103516e+00 1.891256570816040039e+00
5.500998020172119141e+00 2.896831750869750977e+00 1.432519674301147461e+00
4.993168354034423828e+00 3.392192125320434570e+00 4.185091495513916016e+00
8.122984886169433594e+00 4.651568889617919922e+00 5.612904071807861328e+00
5.832174777984619141e+00 4.153086662292480469e+00 2.380532026290893555e+00
4.935030460357666016e+00 4.451632022857666016e+00 1.525233268737792969e+00
5.569786071777343750e+00 3.497328996658325195e+00 1.395264267921447754e+00
8.646955490112304688e+00 4.291213989257812500e+00 5.559984207153320312e+00
8.304946899414062500e+00 4.317502975463867188e+00 5.485656738281250000e+00
6.035524368286132812e+00 3.061752080917358398e+00 2.545852661132812500e+00
8.143019676208496094e+00 4.420139312744140625e+00 5.473390102386474609e+00
5.181859493255615234e+00 4.777445793151855469e+00 2.931370019912719727e+00
5.670323848724365234e+00 5.065855979919433594e+00 2.348076343536376953e+00
5.367290973663330078e+00 2.170443773269653320e+00 1.569890618324279785e+00
4.272787094116210938e+00 2.500003337860107422e+00 1.836265802383422852e+00
5.793787002563476562e+00 3.269449234008789062e+00 1.581329941749572754e+00
4.720798015594482422e+00 3.735186576843261719e+00 1.845574617385864258e+00
8.222888946533203125e+00 4.318248748779296875e+00 5.491999149322509766e+00
3.582532644271850586e+00 5.062005996704101562e+00 2.122624635696411133e+00
5.842881679534912109e+00 4.749274253845214844e+00 2.294365882873535156e+00
5.912538051605224609e+00 3.559401035308837891e+00 2.024334430694580078e+00
4.970972061157226562e+00 4.797192573547363281e+00 3.123237371444702148e+00
