6.131610870361328125e+00 4.252103805541992188e+00 2.893253564834594727e+00
4.721595764160156250e+00 1.767889380455017090e+00 1.375420451164245605e+00
5.684319972991943359e+00 4.231531620025634766e+00 2.535311460494995117e+00
8.973251342773437500e+00 3.378839731216430664e+00 2.132778406143188477e+00
4.254073619842529297e+00 2.458125352859497070e+00 1.573914408683776855e+00
5.643683910369873047e+00 4.197848796844482422e+00 2.517392396926879883e+00
4.522480964660644531e+00 2.177692890167236328e+00 1.606804370880126953e+00
7.514103412628173828e+00 2.715661764144897461e+00 1.844794869422912598e+00
5.236011981964111328e+00 3.958099126815795898e+00 2.270169019699096680e+00
4.962096214294433594e+00 3.735476970672607422e+00 2.099302291870117188e+00
4.964363098144531250e+00 3.741043090820312500e+00 2.113396883010864258e+00
5.156146049499511719e+00 3.536523818969726562e+00 2.185148239135742188e+00
5.058205604553222656e+00 3.755712509155273438e+00 2.158179044723510742e+00
2.952256441116333008e+00 1.686805844306945801e+00 1.052271127700805664e+00
5.509932994842529297e+00 4.139808654785156250e+00 2.431719779968261719e+00
8.728348731994628906e+00 3.049121141433715820e+00 2.014444351196289062e+00
8.853571891784667969e+00 3.115478038787841797e+00 2.065604448318481445e+00
4.998311519622802734e+00 3.527496576309204102e+00 2.424671173095703125e+00
7.298366069793701172e+00 2.882710456848144531e+00 1.915386199951171875e+00
8.950505256652832031e+00 3.331207036972045898e+00 2.131299734115600586e+00
7.141370773315429688e+00 2.662198066711425781e+00 1.786923885345458984e+00
5.162726879119873047e+00 2.045902013778686523e+00 1.533068418502807617e+00
7.643538951873779297e+00 2.560547828674316406e+00 1.764933228492736816e+00
3.347638845443725586e+00 1.782858729362487793e+00 1.454831957817077637e+00
5.242673397064208984e+00 2.929648876190185547e+00 1.734414219856262207e+00
4.921387672424316406e+00 2.506486177444458008e+00 1.724155306816101074e+00
5.446410179138183594e+00 4.053847789764404297e+00 2.395063400268554688e+00
3.017176866531372070e+00 1.610766530036926270e+00 1.000898361206054688e+00
4.399779796600341797e+00 2.543130159378051758e+00 1.604126453399658203e+00
7.318199634552001953e+00 2.475186109542846680e+00 1.769809365272521973e+00
3.933168649673461914e+00 1.702741861343383789e+00 1.063802123069763184e+00
5.489433288574218750e+00 4.155604839324951172e+00 2.422582626342773438e+00
5.320316791534423828e+00 3.983038425445556641e+00 2.331297636032104492e+00
5.305604457855224609e+00 3.960868597030639648e+00 2.287844896316528320e+00
5.796166419982910156e+00 3.104105234146118164e+00 2.040527582168579102e+00
3.744867801666259766e+00 2.522506713867187500e+00 1.442348718643188477e+00
5.293915271759033203e+00 3.773265838623046875e+00 2.147795677185058594e+00
5.006407260894775391e+00 3.739603042602539062e+00 2.120205879211425781e+00
5.247588634490966797e+00 1.873355388641357422e+00 1.443020939826965332e+00
6.096971988677978516e+00 4.243343353271484375e+00 2.883305072784423828e+00
5.185472488403320312e+00 2.617474794387817383e+00 1.769836068153381348e+00
7.754762172698974609e+00 3.424670934677124023e+00 2.026384830474853516e+00
8.937361717224121094e+00 3.300790309906005859e+00 2.128477096557617188e+00
6.028965950012207031e+00 3.562945842742919922e+00 2.106366872787475586e+00
3.915919780731201172e+00 2.790600299835205078e+00 1.379282593727111816e+00
4.719891548156738281e+00 3.483714580535888672e+00 1.909241795539855957e+00
8.687624931335449219e+00 3.044640779495239258e+00 2.032320976257324219e+00
4.406395435333251953e+00 2.555725097656250000e+00 1.587968945503234863e+00
7.810990333557128906e+00 3.464321374893188477e+00 2.132159471511840820e+00
5.132369041442871094e+00 2.589553594589233398e+00 1.801049232482910156e+00
3.439014911651611328e+00 1.845461249351501465e+00 1.431540250778198242e+00
8.923732757568359375e+00 3.143965959548950195e+00 2.071213006973266602e+00
8.181859016418457031e+00 2.966563940048217773e+00 1.976914644241333008e+00
5.987478256225585938e+00 3.580072402954101562e+00 2.144839525222778320e+00
7.852552890777587891e+00 2.874078035354614258e+00 1.913882136344909668e+00
7.509530544281005859e+00 2.426176309585571289e+00 1.674696445465087891e+00
8.909918785095214844e+00 3.276973485946655273e+00 2.100301027297973633e+00
4.976952552795410156e+00 3.546827077865600586e+00 2.135084390640258789e+00
8.734025001525878906e+00 3.127140045166015625e+00 2.081117868423461914e+00
8.668643951416015625e+00 3.186630010604858398e+00 2.115652322769165039e+00
3.460480213165283203e+00 2.201790332794189453e+00 8.441884517669677734e-01
8.941300392150878906e+00 3.314213752746582031e+00 2.125789403915405273e+00
5.390260696411132812e+00 2.734650611877441406e+00 1.849124073982238770e+00
3.592015027999877930e+00 2.313517093658447266e+00 1.049060821533203125e+00
8.535452842712402344e+00 3.130826473236083984e+00 2.036676406860351562e+00
6.477446079254150391e+00 2.206186056137084961e+00 1.676608085632324219e+00
4.525569438934326172e+00 3.341393709182739258e+00 1.796439170837402344e+00
7.650134563446044922e+00 3.564645290374755859e+00 2.130994558334350586e+00
8.896471977233886719e+00 3.223761081695556641e+00 2.069544076919555664e+00
7.614548206329345703e+00 3.173465251922607422e+00 2.125077009201049805e+00
8.871863365173339844e+00 3.295470476150512695e+00 2.121536493301391602e+00
8.683806419372558594e+00 3.114950656890869141e+00 2.083161830902099609e+00
5.633999347686767578e+00 4.167850971221923828e+00 2.469539403915405273e+00
3.461495637893676758e+00 1.660872697830200195e+00 1.351686716079711914e+00
4.731815814971923828e+00 1.952453255653381348e+00 1.463866233825683594e+00
7.021621704101562500e+00 2.892292022705078125e+00 1.996989965438842773e+00
4.111033916473388672e+00 2.545175790786743164e+00 1.750975608825683594e+00
8.649770736694335938e+00 3.082794904708862305e+00 2.052942514419555664e+00
7.295035839080810547e+00 2.435600757598876953e+00 1.754166603088378906e+00
5.930346488952636719e+00 3.481193065643310547e+00 2.109390735626220703e+00
5.870692253112792969e+00 3.634202003479003906e+00 2.036152124404907227e+00
4.837236881256103516e+00 3.642866373062133789e+00 2.026377677917480469e+00
5.255489826202392578e+00 4.004057884216308594e+00 2.316557884216308594e+00
5.523895740509033203e+00 4.167605876922607422e+00 2.468663454055786133e+00
5.931623935699462891e+00 3.055813312530517578e+00 2.016293048858642578e+00
4.922036170959472656e+00 2.138178110122680664e+00 1.549244761466979980e+00
7.152868270874023438e+00 2.300974845886230469e+00 1.615588188171386719e+00
4.842079162597656250e+00 2.167355775833129883e+00 1.609703063964843750e+00
4.619876384735107422e+00 3.253830432891845703e+00 2.118967771530151367e+00
6.148906707763671875e+00 4.267808914184570312e+00 2.721148967742919922e+00
4.731492519378662109e+00 3.519535779953002930e+00 1.941194176673889160e+00
5.643651962280273438e+00 4.197833538055419922e+00 2.517390727996826172e+00
6.510691165924072266e+00 2.211029052734375000e+00 1.677989244461059570e+00
4.626571655273437500e+00 3.481296062469482422e+00 1.914779305458068848e+00
5.548241615295410156e+00 2.779591560363769531e+00 1.866500616073608398e+00
8.508130073547363281e+00 3.127792358398437500e+00 2.033098936080932617e+00
4.960400581359863281e+00 2.173954010009765625e+00 1.685712575912475586e+00
5.957635402679443359e+00 3.478853464126586914e+00 2.095447778701782227e+00
4.485208988189697266e+00 3.319373846054077148e+00 1.778513193130493164e+00
5.286867618560791016e+00 3.982139110565185547e+00 2.296926975250244141e+00
