7.070000000000000284e+01 3.971857142857142264e+01 2.929714285714285538e+01
6.378999999999999915e+01 4.215428571428571303e+01 3.684285714285714164e+01
4.932285714285714562e+01 4.468142857142856883e+01 3.886714285714285211e+01
5.230000000000000426e+01 4.522000000000000597e+01 3.264142857142857679e+01
6.166857142857142549e+01 3.976714285714285779e+01 3.994571428571428129e+01
5.938142857142857167e+01 3.200428571428572155e+01 2.709142857142856542e+01
7.488428571428570990e+01 4.444285714285713595e+01 3.927285714285714135e+01
5.024142857142857110e+01 4.999714285714286177e+01 3.702714285714285580e+01
6.125000000000000711e+01 4.323000000000000398e+01 2.990857142857142748e+01
7.015571428571428214e+01 4.476857142857142691e+01 4.381428571428571672e+01
5.917285714285713993e+01 4.725571428571429067e+01 3.936285714285714477e+01
6.117285714285713993e+01 5.033857142857143430e+01 4.581857142857143117e+01
6.065142857142858190e+01 9.000000000000000000e+01 2.782285714285713851e+01
5.225142857142856911e+01 4.678142857142857736e+01 3.697571428571428953e+01
7.469571428571428839e+01 5.221285714285714619e+01 3.728714285714285381e+01
7.611142857142857565e+01 5.182714285714284586e+01 4.165857142857143458e+01
7.168571428571428328e+01 4.768142857142857594e+01 4.937285714285714278e+01
5.760714285714285410e+01 4.869714285714286461e+01 4.295714285714286262e+01
7.859000000000000341e+01 5.563857142857142435e+01 9.000000000000000000e+01
7.832714285714286007e+01 4.454571428571428982e+01 3.590428571428571303e+01
7.039857142857141525e+01 4.950571428571428356e+01 3.733999999999999631e+01
5.067428571428571615e+01 4.301285714285714334e+01 3.773428571428571132e+01
6.056428571428571672e+01 4.423714285714284955e+01 2.438857142857142435e+01
7.960571428571428498e+01 4.876000000000000512e+01 4.115571428571428214e+01
5.250999999999999801e+01 4.021857142857142264e+01 3.575000000000000711e+01
5.779285714285713738e+01 4.674428571428571644e+01 3.927000000000000313e+01
8.480571428571428783e+01 5.421000000000000085e+01 4.384285714285714164e+01
9.000000000000000000e+01 3.945142857142857196e+01 3.449285714285714732e+01
6.791285714285713482e+01 4.337285714285714278e+01 4.820428571428571018e+01
7.155285714285713539e+01 4.613571428571429323e+01 4.054428571428571360e+01
