3.700000000000000178e+00 1.000000000000000000e+00
4.796990949309277497e+00 6.824999999999999956e-01
5.881388773049068597e+00 3.699609374999999756e-01
6.940600345649881930e+00 6.734374999999998002e-02
7.962032541542233055e+00 -2.203906250000000344e-01
8.933092235156632199e+00 -4.882812500000000555e-01
9.841186300923590480e+00 -7.313671875000000711e-01
1.067372161327362079e+01 -9.446875000000000133e-01
1.141810504663723691e+01 -1.123281250000000009e+00
1.206174347544495085e+01 -1.262187500000000018e+00
1.261093713404651950e+01 -1.366019738614514978e+00
1.307198625679169446e+01 -1.439391454458059272e+00
1.345119107803023795e+01 -1.486916136145147949e+00
1.375485183211190687e+01 -1.513207272290295613e+00
1.398926875338645814e+01 -1.522878351508017536e+00
1.416074207620364334e+01 -1.520542862412827878e+00
1.427557203491322468e+01 -1.510814293619241688e+00
1.434005886386495732e+01 -1.498306133741773793e+00
1.438097055409466840e+01 -1.481052916936879793e+00
1.442507509663818510e+01 -1.457089177361015286e+00
1.449914048253133281e+01 -1.424449449170635873e+00
1.462993470280994401e+01 -1.381168266522197596e+00
1.484422574850983878e+01 -1.325280163572155834e+00
1.516878161066684960e+01 -1.254819674476966185e+00
1.563037028031680187e+01 -1.167821333393084249e+00
1.625575974849552097e+01 -1.062319674476966069e+00
1.702447491538691082e+01 -9.406276124576409270e-01
1.791604068117488424e+01 -8.050580620641385465e-01
1.890998194604333094e+01 -6.579239380254882086e-01
1.998582361017616194e+01 -5.015381550707196379e-01
2.112309057375728116e+01 -3.382136279288623371e-01
2.230130773697059254e+01 -1.702632713289459476e-01
2.350000000000000000e+01 0.000000000000000000e+00
