4.753991247480484184e+00 -7.957490729356166970e-01 4.182078902250655261e+00 2.222896885739018558e-01 3.974371598217428136e+00 -5.898201252254063887e-01
1.355065849574407011e+01 -8.922579844395774895e-01 2.031067077595266213e+01 3.461624325888190690e-02 2.090398196292969857e+01 6.248193217078457096e-01
6.136742790225929056e+00 -1.025423245863686050e+00 6.474644918438043462e+00 2.367451612333582034e-02 2.072003282624629250e+01 8.043845206296058592e-01
1.193929361567539971e+01 7.187167086627663792e-01 1.099616689842488526e+01 -4.917347943413481470e-01 1.296684509954055287e+01 8.618454782661189029e-02
4.987641445073176527e+00 -5.605405966954276620e-01 1.739605003986490672e+01 1.788772013188166810e-03 1.733742791529447658e+01 8.941923119373784701e-01
4.445370837735319824e+00 -1.759139641028166778e-01 5.350124089274030936e+00 5.430811571725238096e-01 1.172293099658644877e+01 -8.992263020332469381e-01
1.044456689424327678e+01 4.940529074048720659e-01 1.389650988448124380e+01 -2.046881983952251183e-01 1.976090110154457591e+01 6.935642745818482169e-02
1.576827901078777217e+01 -7.415058165078357577e-01 1.508198163147356752e+01 -9.983840937425317863e-01 1.655399662867224464e+01 -8.113021226900828387e-01
4.686739195355105636e+00 -5.692079399492357972e-01 1.079121397045431152e+01 5.266763099838946971e-01 1.663429579775551304e+01 -1.374041308168617137e+00
6.671071422016749963e+00 -7.026307796390260929e-01 9.400062265509873782e+00 -1.491762406133377628e+00 9.088950991576691507e+00 6.363886014566930704e-01
7.173634359486214862e+00 3.998845147433300884e-01 2.045647258877453467e+01 3.271373319470554097e-01 2.085412487419071326e+01 -5.082160551431915696e-01
4.063719002455084883e+00 8.799503131173156412e-01 4.733219764254806172e+00 -1.018645823131022699e+00 1.759053021287009599e+01 -1.505220460714900010e+00
1.698117175187495675e+01 3.349929574341303784e-02 1.795041342460531197e+01 2.534601918207988192e-01 2.018185092960069582e+01 -1.031255761389433534e+00
7.952372281177189528e+00 -2.386247434345720730e-01 1.172834439023888109e+01 3.164865961669405259e-01 1.181646381862142192e+01 -1.194919553896724773e+00
1.121244318115640937e+01 -1.022517193804489022e+00 1.710613078814738230e+01 -9.570714383637415335e-01 1.722379350042772472e+01 6.834825645453528331e-01
8.464511809082978289e+00 -1.517231833994963086e+00 1.061681729223848691e+01 7.888524518828448073e-01 1.853241694364279368e+01 -1.428934989314929460e-01
4.641395425757398385e+00 9.940900203529747792e-01 6.102170765484793868e+00 -8.343826514966590224e-02 7.319576073746569378e+00 8.813431704506742292e-01
1.279281889960687835e+01 -8.190235868964059751e-01 1.351818542432392434e+01 9.440823605727026724e-01 1.541080789807860896e+01 1.352206519619665315e-01
4.576871364221581473e+00 6.071547996762349797e-01 8.826725520804767910e+00 -9.119214116783663782e-01 1.305349667748648201e+01 -1.924646453118781242e-01
9.897745268261097351e+00 9.417081062145684633e-01 8.972438411678229642e+00 -1.131601671643707174e+00 1.033638713517209951e+01 8.436608890904842006e-01
4.505117274064301292e+00 -1.479683817714790850e+00 9.467680890621551271e+00 -1.209762863969204183e+00 2.050881995719854345e+01 -1.847231596437846068e-01
5.838113769060375269e+00 3.012801988871149916e-01 1.292202660667542347e+01 -4.106514377011227790e-01 1.421631376637675004e+01 1.010732327005103848e-02
1.347962667168568274e+01 5.551619964395917428e-01 1.440445814180529993e+01 7.073069587006775016e-01 1.858219651715498344e+01 -1.259984673158736523e+00
1.104021846811632024e+01 2.138191529799471358e-01 1.051683571324339539e+01 -1.257274841231890150e-01 1.726671607822936849e+01 5.166258915572612409e-01
5.113574093132593035e+00 3.651326063712940773e-01 1.812402513703275986e+01 5.041277929601695185e-02 1.981578734369328032e+01 -1.439485931520675388e+00
9.396193602255195287e+00 3.969657929776690963e-01 1.029134891161567644e+01 -8.061277159323834152e-01 1.442446291045556350e+01 -1.229318293735656820e+00
6.523834689058726433e+00 8.680735079271455490e-01 7.570372639776143053e+00 -3.541271839642192720e-01 2.061443744583053572e+01 -1.535361221909475216e+00
