3.700000000000000178e+00 1.000000000000000000e+00
4.847029424687633536e+00 9.117808967342404536e-01
5.979147560372676473e+00 8.234072329223826037e-01
7.081443118052535013e+00 7.347244480183280357e-01
8.139004808724617845e+00 6.455779814759785573e-01
9.136921343386333660e+00 5.558132727492355318e-01
1.006028143303509204e+01 4.652757612920009889e-01
1.089417378866829722e+01 3.738108865581762363e-01
1.162368712128336057e+01 2.812640880016631928e-01
1.223391014187768988e+01 1.874808050763633605e-01
1.274848547179582958e+01 9.468686134510706509e-02
1.319105573238232765e+01 5.108080370724535357e-03
1.358526354498172672e+01 -7.902971428395402786e-02
1.395475153093857656e+01 -1.555006990560983682e-01
1.432316231159742159e+01 -2.220790503828782292e-01
1.471413850830280623e+01 -2.765389447014633961e-01
1.515132274239927668e+01 -3.166545584490236265e-01
1.565835763523138091e+01 -3.402000680627287332e-01
1.622076559273805429e+01 -3.493650120003692905e-01
1.682406902085822864e+01 -3.463389287197361499e-01
1.745379032553084642e+01 -3.333113566786198301e-01
1.809545191269484121e+01 -3.124718343348111826e-01
1.873457618828914661e+01 -2.860099001461008372e-01
1.935668555825270687e+01 -2.561150925702794789e-01
1.994730242852444846e+01 -2.249769500651378484e-01
2.049194920504331208e+01 -1.947850110884666031e-01
2.099637214952840836e+01 -1.654210001992069690e-01
2.146631752369884794e+01 -1.367666419563001445e-01
2.190753158927374145e+01 -1.087036609186873004e-01
2.232576060797218886e+01 -8.111378164530969048e-02
2.272675084151330793e+01 -5.387872869510845764e-02
2.311624855161620928e+01 -2.688022662702482801e-02
2.350000000000000000e+01 0.000000000000000000e+00
