1.145771691754456967e+01 9.573752503870878172e-01 9.146280864590782045e+00 -7.993236501405109884e-01 1.153791089994539121e+01 5.536946606954047390e-01
5.337105890916063800e+00 -1.722238640430298062e-01 5.159737658406958971e+00 5.458572436111799320e-01 1.645270777073806556e+01 5.493945658738321747e-01
3.700541440982886954e+00 -2.481863227058689336e-01 5.251857729109200790e+00 6.751791551736552321e-01 1.544416824993793469e+01 -9.065236334485458070e-01
4.164003016132530099e+00 -1.750815407797488010e-01 5.289904103601860363e+00 5.476746560610639136e-01 1.171947805804983389e+01 -8.848359303919591801e-01
3.702815894830056465e+00 -3.586847069913257080e-01 3.861455595684358588e+00 6.220099493166868498e-01 1.161222205177375066e+01 -8.881207951395064804e-01
3.764025888342782178e+00 -4.221432678786989356e-01 3.776046259380618331e+00 6.614729440739552935e-01 1.095238417321961322e+01 -8.626016483264230539e-01
1.482822336248490558e+01 5.459567073994984199e-01 1.439269373729084478e+01 2.616137418903998757e-01 1.796094061119176999e+01 -1.335521016218339074e+00
5.663386299330541718e+00 -1.723067009745500311e-01 5.265226131757671624e+00 5.621986555856506307e-01 1.725369951409690827e+01 5.176430026013614238e-01
1.093904794216313547e+01 9.438413331782058435e-01 8.954142428430738931e+00 -1.089764915226857367e+00 1.118358341935715927e+01 6.182986767852578502e-01
3.706028844872742756e+00 -5.660455892006945877e-01 5.767264988250453861e+00 7.603556447981367761e-01 1.903440261308611881e+01 -7.163236933107797189e-01
1.439188776227954492e+01 5.556114833383118956e-01 1.261244228149883995e+01 8.613729001804335539e-01 1.882252457695485504e+01 -1.065435825995379115e+00
3.757013277810707930e+00 -4.221296552573858829e-01 4.291791009671457324e+00 5.130119555444476731e-01 1.095238417321961322e+01 -8.626016483264230539e-01
1.366227688351131420e+01 5.556114833383118956e-01 1.373536576952614752e+01 7.304836427387715325e-01 1.885741371062942306e+01 -1.095619464885145611e+00
1.173270165115903296e+01 9.438413331782058435e-01 9.068392315010159521e+00 -1.201445591605780905e+00 1.122244963079315383e+01 3.579332256546627899e-01
4.954876064707907091e+00 -1.751134943674670374e-01 5.218975584282462776e+00 5.345047249939436362e-01 1.624970699309087507e+01 2.818405728893025319e-01
4.143443639411056978e+00 -1.750815407797488010e-01 5.313415003427967243e+00 5.493300484152423557e-01 1.208298879954777050e+01 -1.093107608424864541e+00
3.700176527516815028e+00 -5.573300099916863592e-01 5.725452087609260055e+00 6.672747780407997098e-01 1.933941498523791935e+01 -5.865324044213089394e-01
1.192202231785562816e+01 9.312528832337898521e-01 8.883845651628622164e+00 -7.837851170267760015e-01 1.165011008938492409e+01 1.568835041031935162e-01
3.773264482471895942e+00 -5.676900555197084142e-01 5.657909506752014650e+00 7.610373745754923647e-01 1.941237664390503781e+01 -5.043718806896029250e-01
3.700541792516402140e+00 -1.854527386626045882e-01 4.958106609060257242e+00 7.311705980537390737e-01 1.245418173030262565e+01 -9.168993326927712406e-01
3.706028844872742756e+00 -5.660455892006945877e-01 5.767264988250453861e+00 7.183852511164894317e-01 1.798509471509030178e+01 -7.163236933107797189e-01
1.170087732484712006e+01 9.944569897751236454e-01 9.011230116214763441e+00 -8.371063966413745394e-01 1.178321459843600394e+01 3.637150275300287117e-01
1.203315671318822666e+01 9.320593324675834346e-01 9.155012747890303615e+00 -9.790035491412193425e-01 1.274760247331770913e+01 2.523745471741765112e-01
3.700740069518246855e+00 -1.775839271861785473e-01 5.610262289434394312e+00 7.899419885823224519e-01 1.392564885458018153e+01 -8.959256831406228194e-01
1.263077957980175725e+01 9.496759384843018736e-01 9.937406998488292231e+00 -1.141921407402122224e+00 1.175878201139557078e+01 1.836740127622187302e-01
4.143443639411056978e+00 -1.750815407797488010e-01 5.531741609442851981e+00 5.493300484152423557e-01 1.239899316221319836e+01 -1.112401010936783896e+00
3.700537596637130555e+00 -1.783988097151654184e-01 4.962473348910847015e+00 7.577338477758099877e-01 1.521710492917254243e+01 -9.877230854733153320e-01
3.925826926681915463e+00 -1.750815407797488010e-01 4.661332299492163322e+00 5.493300484152423557e-01 1.237595403310959696e+01 -1.106523650376119550e+00
1.192202231785562816e+01 9.469847058440437060e-01 8.883845651628622164e+00 -9.984848537082303688e-01 1.165011008938492409e+01 1.568835041031935162e-01
3.706028844872742756e+00 -5.350774116445951023e-01 5.767264988250453861e+00 7.603556447981367761e-01 1.903440261308611881e+01 -8.397344062740588200e-01
1.204465742948024243e+01 9.343612402219609869e-01 9.156415794316238532e+00 -6.412689700359540668e-01 1.275469260542102035e+01 2.552705900994622912e-01
1.483817133736355487e+01 5.327377994446726994e-01 1.491215831337995112e+01 4.834866959913699525e-01 1.797988607501701708e+01 -1.169738797229476823e+00
3.707743917777850839e+00 -4.366916933135605028e-01 4.148451866145404843e+00 4.794441520464118867e-01 1.208662661675111849e+01 -8.681030421975952649e-01
3.734841815344537075e+00 -1.715678792644530493e-01 5.198998932062362854e+00 7.610324752603427889e-01 1.666414007920023366e+01 -8.502615443418999330e-01
5.325767618432634798e+00 -1.750266155923543288e-01 5.134061621595211733e+00 5.458572436111799320e-01 1.724218479364787626e+01 3.986989810745604768e-01
3.727119603275117488e+00 -5.676900555197084142e-01 5.663816156599709828e+00 6.555093794053092893e-01 1.941971706319459656e+01 -5.244029547551347648e-01
3.721420579287376018e+00 -5.676900555197084142e-01 5.663816156599709828e+00 5.070483908757927871e-01 1.941971706319459656e+01 -5.496341084438310931e-01
1.438856974692058444e+01 5.570335079786028487e-01 1.110646469502014000e+01 9.694307887074264940e-01 1.881985295936439684e+01 -1.041209558397462764e+00
5.285348965276962296e+00 -1.750040224112225928e-01 5.210920011677950825e+00 5.866693882405633609e-01 1.722329888584550872e+01 4.397826093576360229e-01
3.756737727079969336e+00 -1.780916577445019744e-01 3.871221214199433547e+00 6.297700300865107792e-01 1.187862339667919187e+01 -8.959225755102324662e-01
1.246586652258475425e+01 7.111037411044716094e-01 9.911395199175268900e+00 -6.204413149950915862e-01 1.194494815292461709e+01 9.429297928575874899e-02
5.254694831361783613e+00 -1.722066738970573496e-01 5.209763541236817730e+00 7.589052799975650743e-01 1.643382186293569802e+01 4.393839266618473349e-01
1.247187218212027560e+01 8.517556799066290374e-01 9.911395199175268900e+00 -6.017238268209282870e-01 1.194494815292461709e+01 9.429297928575874899e-02
1.357329794484460095e+01 8.023741319613870715e-01 9.277217319000644835e+00 -6.131419446800916440e-01 1.275469260542102035e+01 1.038462878963115621e-01
1.441871811354581112e+01 5.555753124294491307e-01 1.351200220824511433e+01 9.848442424561341113e-01 1.885741371062942306e+01 -1.095619464885145611e+00
4.987396281104632401e+00 -1.750752894385765313e-01 5.092418061373777505e+00 5.470145748154284782e-01 1.627540840973466274e+01 1.387856018734496821e-01
1.197162273942588939e+01 8.807066437259170044e-01 8.922214945268212460e+00 -7.727698061811472119e-01 1.161252001370703368e+01 1.568835041031935162e-01
1.550568756490537581e+01 5.373924370353413416e-01 1.464430894187051990e+01 8.613769186301771796e-01 1.842373645808146065e+01 -1.175252349440014665e+00
3.701127202786083537e+00 -1.931844914968972038e-01 5.029475822028184773e+00 6.703378539029474226e-01 1.607082459333006952e+01 -8.953593605621597007e-01
3.934650210177664587e+00 -1.784214738269396250e-01 5.313738400772135329e+00 6.798846920220626977e-01 1.344745952221272134e+01 -8.891984022824550582e-01
1.439185831771919766e+01 5.573832709072417124e-01 1.297022137822521159e+01 9.694307887074264940e-01 1.881985295936439684e+01 -1.079135411155783153e+00
5.370951123067586153e+00 -1.790015997727074648e-01 5.101702808735532280e+00 6.564081726556145746e-01 1.644403807691179153e+01 3.074748453633782130e-01
3.880104338762171867e+00 -2.774861187418562469e-01 5.343557042150133718e+00 6.798846920220626977e-01 1.340626419492554078e+01 -8.891984022824550582e-01
1.357329794484460095e+01 7.498201353611144704e-01 9.277217319000644835e+00 -6.131419446800916440e-01 1.275469260542102035e+01 1.038462878963115621e-01
1.204458852842688188e+01 9.340909291193346675e-01 9.911395199175268900e+00 -7.693641237364567953e-01 1.275024013838509873e+01 9.429297928575874899e-02
3.706028844872742756e+00 -5.499342602035595107e-01 5.767264988250453861e+00 7.603556447981367761e-01 1.903440261308611881e+01 -7.242596933149240135e-01
1.151127221017674884e+01 9.545440474352346882e-01 9.192764069430040763e+00 -1.063199764118714974e+00 1.122244963079315383e+01 3.565159225094554074e-01
3.701070078580573686e+00 -1.723347521889364575e-01 5.762829139436914438e+00 7.571764138156091839e-01 1.607082459333006952e+01 -9.137333643042778730e-01
4.160817728879671940e+00 -1.747781781306221305e-01 4.995742850291087223e+00 5.436651674115187127e-01 1.401117659583292507e+01 -8.837697836238285198e-01
1.546675687134591115e+01 5.365894299870817008e-01 1.374003929101208854e+01 7.304836427387715325e-01 1.886363614801184951e+01 -1.093785215404487809e+00
3.700541792516402140e+00 -1.854527386626045882e-01 4.076224033583679685e+00 7.311705980537390737e-01 1.245418173030262565e+01 -9.168993326927712406e-01
1.438856974692058444e+01 5.570335079786028487e-01 1.053817396279887753e+01 9.694307887074264940e-01 1.881985295936439684e+01 -1.041209558397462764e+00
1.483817133736355487e+01 5.327377994446726994e-01 1.491738728135769421e+01 5.925120967497714553e-01 1.797988607501701708e+01 -1.169738797229476823e+00
1.483796782024833405e+01 5.442740503759075921e-01 1.375177516563978486e+01 8.102391772200285835e-01 1.927453018807155516e+01 -1.056764245552972215e+00
3.700059458387281897e+00 -2.363008722505171022e-01 5.026659847712147133e+00 6.412747903883957434e-01 1.520929848083677172e+01 -9.334554247352726541e-01
1.475846663261716429e+01 5.595365541218595418e-01 1.494158048796649396e+01 7.296436220713946597e-01 1.938024063724626345e+01 -1.364816890136450578e+00
1.177913507190881859e+01 9.438413331782058435e-01 1.003506319865757845e+01 -1.089764915226857367e+00 1.122244963079315383e+01 2.741230078912761936e-01
1.483875785566612393e+01 5.595365541218595418e-01 1.491976241339298070e+01 8.508115817122194890e-01 1.800853423090707395e+01 -1.368640843923458084e+00
3.712937095382348396e+00 -1.959852026771091715e-01 5.314580871959191377e+00 6.266914564985848202e-01 1.171947805804983389e+01 -8.687320124796306109e-01
5.369819256631174653e+00 -1.750124073606735831e-01 4.590679404256872154e+00 6.257253384598717716e-01 1.644403807691179153e+01 3.074748453633782130e-01
3.707847310930741713e+00 -1.750815407797488010e-01 5.097339719622389964e+00 5.497656023103498768e-01 1.576246803331136803e+01 -9.430669311891903828e-01
1.340747407355459231e+01 8.203528938550888050e-01 9.701171580883670487e+00 -6.466124423961199241e-01 1.344235295686331355e+01 5.556208564288223073e-02
4.987396281104632401e+00 -1.750267963474736455e-01 5.134576635097744202e+00 5.458333846959662061e-01 1.627540840973466274e+01 1.329070777414269600e-01
5.180757530214208373e+00 -1.750752098914976074e-01 5.220046995367492393e+00 5.319531562585857465e-01 1.750573491624191647e+01 3.020470715141478912e-01
4.988258913527376492e+00 -1.750752894385765313e-01 5.059425637228862627e+00 5.183012979440575485e-01 1.627531243683071338e+01 2.077889865384126011e-01
1.483875785566612393e+01 5.595365541218595418e-01 1.486431335135950960e+01 4.696384151546117991e-01 1.903127607398652543e+01 -1.368456474578459980e+00
3.700781210170839941e+00 -1.956203518174781664e-01 3.855563456402784528e+00 6.226819678490396193e-01 1.194956683169520772e+01 -8.071588681513173213e-01
3.700541792516402140e+00 -1.723132588658331521e-01 4.958106609060257242e+00 7.559905874745442844e-01 1.613593335816432983e+01 -9.168993326927712406e-01
3.724217040646308874e+00 -2.695671654161422293e-01 5.307949558146695779e+00 6.678161602334991009e-01 1.361819012851210431e+01 -9.066382675372460787e-01
3.731823541137313960e+00 -1.888722234586466264e-01 3.871221214199433547e+00 6.297700300865107792e-01 1.187862339667919187e+01 -9.174734214041639913e-01
1.176785171621075321e+01 9.496759384843018736e-01 9.945322540977844739e+00 -1.141921407402122224e+00 1.179443335430239159e+01 1.836740127622187302e-01
5.285348965276962296e+00 -1.750040224112225928e-01 5.210920011677950825e+00 7.093279201858448957e-01 1.722329888584550872e+01 4.397826093576360229e-01
1.483817133736355487e+01 5.327377994446726994e-01 1.491215831337995112e+01 4.515470224977866653e-01 1.884646826517047558e+01 -1.171879561369754130e+00
1.177958882259925133e+01 7.498201353611144704e-01 9.284113896819182088e+00 -6.131419446800916440e-01 1.266898045342484380e+01 1.038462878963115621e-01
3.700878894419364684e+00 -1.947175750164495955e-01 3.861455595684358588e+00 6.220099493166868498e-01 1.162843112424294389e+01 -8.802876483496813176e-01
4.111524174099688622e+00 -1.750742794422657234e-01 5.048652969712005500e+00 5.807696121263892231e-01 1.627448712280837029e+01 2.077889865384126011e-01
5.326677289412002025e+00 -1.750751086834572146e-01 5.091903047871245036e+00 6.060848472231055162e-01 1.727703235216665689e+01 9.935325772995451388e-02
1.483875785566612393e+01 5.595365541218595418e-01 1.486431335135950960e+01 4.696384151546117991e-01 1.798196817599096065e+01 -1.368456474578459980e+00
5.369819256631174653e+00 -1.750124073606735831e-01 5.101702808735532280e+00 5.594032132922981404e-01 1.644403807691179153e+01 3.074748453633782130e-01
1.256859726555982704e+01 9.116183882204480504e-01 9.782274768617650551e+00 -7.693641237364567953e-01 1.218385536603046759e+01 9.429297928575874899e-02
3.703469157275859125e+00 -3.586847069913257080e-01 3.861455595684358588e+00 6.383643993805612205e-01 1.161222205177375066e+01 -8.881207951395064804e-01
1.462768912799467103e+01 5.459567073994984199e-01 1.439269373729084478e+01 6.787854822555492440e-01 1.789156314808891324e+01 -1.350231451312239539e+00
3.700541792516402140e+00 -1.778942885932355278e-01 4.958106609060257242e+00 7.311705980537390737e-01 1.265717042225951872e+01 -9.168993326927712406e-01
1.483102037729226197e+01 5.378675302498439059e-01 1.464430894187051990e+01 6.566427888674750690e-01 1.850016498201135207e+01 -1.172684033107463497e+00
3.700651056559788543e+00 -1.956818400279827230e-01 5.020419618648418236e+00 6.717690732107026719e-01 1.401117659583292507e+01 -8.676658657114999507e-01
5.278030724484643166e+00 -1.750041044406351887e-01 5.059425637228862627e+00 5.803746986686015852e-01 1.627531243683071338e+01 2.248657159051126175e-01
3.958428632522749790e+00 -3.138827424770513908e-01 5.343557042150133718e+00 6.798846920220626977e-01 1.340626419492554078e+01 -8.891984022824550582e-01
3.700059458387281897e+00 -2.363008722505171022e-01 4.422714488563961766e+00 6.412747903883957434e-01 1.520929848083677172e+01 -9.334554247352726541e-01
1.483102037729226197e+01 5.373924370353413416e-01 1.464430894187051990e+01 8.613769186301771796e-01 1.842373645808146065e+01 -1.175252349440014665e+00
1.172725766249640600e+01 9.065102813523413516e-01 9.758695758315262481e+00 -7.700084519425228757e-01 1.177343218745700071e+01 4.389002662099126262e-01
