1.333338275729569489e+01 8.721190250567230073e-01 1.334208205993867580e+01 -8.985702625872636906e-01 1.331079348505515902e+01 -1.329140854906963654e+00
4.773177467730138623e+00 -9.656884812591770562e-01 1.045067855257354239e+01 6.796705950281936026e-01 1.141422053366207834e+01 -1.281672605723536140e+00
3.790548787138674047e+00 -7.177264140319776775e-01 1.004116949086412447e+01 8.193289641831924541e-01 1.019467768041723055e+01 -1.539937738145812141e+00
4.241934896677732603e+00 -1.010214706718326916e+00 1.218951751545501239e+01 3.446292542953504068e-01 1.194921118762156809e+01 -1.131411791854315396e+00
1.386993949506423718e+01 7.214329137652750745e-01 1.340969461477311775e+01 -8.988898375283612685e-01 1.446689057675150281e+01 -1.279282464555180132e+00
3.806010794664666630e+00 -7.111139500325694973e-01 1.003852027019445003e+01 8.214851352489622727e-01 1.019491711381030363e+01 -1.539985453753960787e+00
4.490281189520634264e+00 -9.786428682697145831e-01 9.965212155490691615e+00 7.229576426667838618e-01 1.145681959172613595e+01 -1.396380996882674586e+00
4.347708517064438283e+00 -9.778249231515009354e-01 1.186178392069882825e+01 4.911081406417383555e-01 1.168992993177321615e+01 -1.328382775355874346e+00
3.880568016490615335e+00 -8.199885796773996871e-01 1.003718958701911035e+01 8.214473425525365968e-01 1.019761087512947029e+01 -1.539976815600003546e+00
3.961790002234609975e+00 -8.355115571622407922e-01 1.001244830787880247e+01 8.202026543287561644e-01 1.038282962386512764e+01 -1.539999738036618826e+00
3.957386846915409873e+00 -7.696919519533272913e-01 1.045030009807280180e+01 8.203641588026213682e-01 1.038311241659205741e+01 -1.539200030785032425e+00
1.353373372583184953e+01 7.579103171868251110e-01 1.347068408194459721e+01 -8.753549117325823969e-01 1.406395019230151888e+01 -1.325810628278587089e+00
3.964014065987646163e+00 -7.347876460038892388e-01 1.006520761266527408e+01 8.193689407596740359e-01 1.024721430280944290e+01 -1.539899288968121782e+00
4.506822059250987778e+00 -8.770016030342550062e-01 9.946431443809849782e+00 8.060917199675574629e-01 1.027200642547735754e+01 -1.419569348768960237e+00
3.816375691578846929e+00 -7.547524965307845779e-01 1.005847667734660433e+01 8.198868547909983207e-01 1.017973030039724058e+01 -1.539998108308816560e+00
4.293044916991579640e+00 -9.919614561886497262e-01 1.242094919617352566e+01 3.681523990012485203e-01 1.211636642077252013e+01 -1.240826090173773100e+00
4.293634331594785358e+00 -1.009817079805725992e+00 1.218791770898089233e+01 3.465600092183127590e-01 1.200277228521144934e+01 -1.226489938343493957e+00
1.353373372583184953e+01 8.187936308454974998e-01 1.360728826874940545e+01 -9.266097716168607556e-01 1.373944633764671153e+01 -1.272045452277796418e+00
4.272405305082148885e+00 -9.625885582349558156e-01 1.217566386510347876e+01 5.312504154344521723e-01 1.095159820758734881e+01 -1.362299780508730240e+00
4.241007400324205534e+00 -1.010214706718326916e+00 1.218791770898089233e+01 3.446292542953504068e-01 1.193882346871935063e+01 -1.155260471335519901e+00
4.352924607810538582e+00 -9.624643349173699347e-01 1.217566386510347876e+01 5.390724488223357369e-01 1.143340941095191354e+01 -1.364914436116864138e+00
4.572583118694715232e+00 -9.651979836681774394e-01 1.152159774637534539e+01 6.801288932822115996e-01 1.027449651741580361e+01 -1.280827667007449877e+00
4.446169418769351012e+00 -9.777678994413372404e-01 1.236509883711911328e+01 4.911081406417383555e-01 1.210956134163891917e+01 -1.325243235651956786e+00
4.785774103917877831e+00 -9.759812406723171740e-01 9.798545961411207372e+00 8.246895436784442701e-01 1.142263710970917145e+01 -1.389657742273879615e+00
4.371847291007352254e+00 -9.706488574826217519e-01 1.070416270147368465e+01 7.137587396605131751e-01 1.142061391953387250e+01 -1.528742705107443367e+00
4.347708517064438283e+00 -9.697815496772359545e-01 1.041605193870003987e+01 7.016909189693181226e-01 1.168094241332568828e+01 -1.400851066150725410e+00
3.857355869014736705e+00 -7.236960475323617192e-01 1.004220868607341899e+01 8.193289641831924541e-01 1.019467768041723055e+01 -1.539937738145812141e+00
4.539130391260090214e+00 -8.766668759676076172e-01 9.757722319463496774e+00 8.060917199675574629e-01 1.143479625523761456e+01 -1.419569348768960237e+00
1.386993949506423718e+01 7.291481304088920368e-01 1.334245293062648230e+01 -8.988898375283612685e-01 1.367864393503546872e+01 -1.300239991520548699e+00
4.507073741745367457e+00 -9.977663602775048712e-01 1.189239239615905852e+01 5.057620757214653651e-01 1.137010750972220308e+01 -1.272754792134493940e+00
4.490281189520634264e+00 -8.654513455076308093e-01 9.977159068502615469e+00 7.229576426667838618e-01 1.145681959172613595e+01 -1.396380996882674586e+00
3.806010794664666630e+00 -8.190066506555964132e-01 1.003847198292919884e+01 8.214852568771795482e-01 1.019491711381030363e+01 -1.539985453753960787e+00
3.880672141565048250e+00 -7.331312799116260770e-01 1.006316667457599401e+01 8.240389314623079997e-01 1.019257264950543984e+01 -1.539979133036548653e+00
3.882570503134528117e+00 -7.699563799388905450e-01 9.687799920370853357e+00 8.280681817878381423e-01 1.019614200449879249e+01 -1.539200030785032425e+00
4.123697328067067680e+00 -9.651886787729444528e-01 1.152159774637534539e+01 6.799990411886089881e-01 1.142161081362786845e+01 -1.279362531525051860e+00
4.351469469531377143e+00 -7.111139500325694973e-01 1.003852027019445003e+01 8.214851352489622727e-01 1.014306891163009183e+01 -1.495929747458556669e+00
3.962245957226701698e+00 -8.713733935085170579e-01 1.001244830787880247e+01 7.750537682775897608e-01 1.039133700828850593e+01 -1.539999738036618826e+00
3.963444680350687754e+00 -7.629864833841903948e-01 1.006320440096331126e+01 8.193689407596740359e-01 1.019257264950543984e+01 -1.539893908826292179e+00
4.751286334659873489e+00 -9.656572468556889888e-01 1.193199962928868985e+01 6.848547928127506346e-01 1.105137945339427574e+01 -1.287117619148075764e+00
1.333338275729569489e+01 8.721190250567230073e-01 1.334208205993867580e+01 -8.985702625872636906e-01 1.368029071090881921e+01 -1.329140854906963654e+00
4.292467046045162604e+00 -9.624782731369999622e-01 1.025194251519253541e+01 6.784389410420987865e-01 1.143266129607477311e+01 -1.387994299760969774e+00
4.188317330165139296e+00 -9.569217301216597082e-01 1.182975002560930022e+01 5.057619238221029434e-01 1.180663007392675112e+01 -1.501946513581975839e+00
4.241934896677732603e+00 -1.010214706718326916e+00 1.218951751545501239e+01 3.446292542953504068e-01 1.194921118762156809e+01 -1.170375654352688422e+00
4.121846413781590890e+00 -9.680351113351517434e-01 1.045245273320439772e+01 6.848547928127506346e-01 1.177955788978863438e+01 -1.539613679960157855e+00
4.300561625442133717e+00 -7.668293990161140217e-01 1.003274094783613890e+01 8.317058350167814140e-01 1.035194420293965933e+01 -1.539811204315646664e+00
4.050296345200027126e+00 -8.032295445083845742e-01 9.604569604220429824e+00 8.327266815208860251e-01 1.036689220730388072e+01 -1.538495873530949298e+00
4.294517927066290319e+00 -9.997640179810065586e-01 1.218603906583090613e+01 3.680217987151193082e-01 1.194257834343021329e+01 -1.272740991724207182e+00
1.386993949506423718e+01 7.214329137652750745e-01 1.334245293062648230e+01 -8.988898375283612685e-01 1.446689057675150281e+01 -1.300236227238190434e+00
4.188317330165139296e+00 -9.945611305610114750e-01 1.180121245169264377e+01 5.057619238221029434e-01 1.181917455878105372e+01 -1.489108193139977443e+00
4.296657664823284151e+00 -9.707159990998834864e-01 9.924685824477631257e+00 6.844422186757812554e-01 1.104496983488575168e+01 -1.316456693484118867e+00
4.560743011421299897e+00 -9.647828474138836485e-01 1.045642059941004831e+01 7.947591073537916273e-01 1.070060764045685175e+01 -1.277855917461315993e+00
4.295149481270513547e+00 -1.008422743725756465e+00 1.242912563064134268e+01 3.427891879040771972e-01 1.194906243330872009e+01 -1.207992677031134221e+00
4.298761178322743071e+00 -9.918624039483312504e-01 1.238767697895328190e+01 4.453565945578084051e-01 1.211636642077252013e+01 -1.240826090173773100e+00
4.117270062625359550e+00 -9.678255352993035965e-01 1.044050582019247386e+01 6.849146622624160408e-01 1.025348654120938185e+01 -1.539613679960157855e+00
4.292528473911927378e+00 -9.696585473907394226e-01 1.209560441750391746e+01 4.643264072064314796e-01 1.142865006999659805e+01 -1.281503389426687178e+00
4.480676637247444916e+00 -9.652148300947686055e-01 1.192735384071414195e+01 4.791035223215787120e-01 1.170284786316240400e+01 -1.328382775355874346e+00
4.276601385446623382e+00 -1.009817079805725992e+00 1.216023305002020649e+01 3.465600092183127590e-01 1.170376607377260214e+01 -1.155260471335519901e+00
4.103046309087612364e+00 -9.624894840284622388e-01 9.987772996805507120e+00 8.214473425525365968e-01 1.021401925814929967e+01 -1.539976815600003546e+00
4.271059119873226173e+00 -1.010563609834780108e+00 1.219498239912137549e+01 3.681149368442049319e-01 1.210864723619225458e+01 -1.242405994016800186e+00
4.238692744856458638e+00 -1.010281269998483111e+00 1.239062230724202607e+01 3.888540626697032376e-01 1.211405325890418361e+01 -1.240826090173773100e+00
4.582690720176085364e+00 -8.199885796773996871e-01 9.987772996805507120e+00 8.214473425525365968e-01 1.027455879662539573e+01 -1.539976815600003546e+00
4.241007400324205534e+00 -1.008422743725756465e+00 1.218791770898089233e+01 3.446292542953504068e-01 1.194906243330872009e+01 -1.162029246303807994e+00
4.249817277979384578e+00 -9.651903732625143340e-01 1.152712789630431267e+01 7.051310912174049150e-01 1.191620997147116867e+01 -1.280827667007449877e+00
4.560831341195444644e+00 -8.843150509543756810e-01 1.005425517819832493e+01 8.199371779491646528e-01 1.071423151876758872e+01 -1.539997943115648527e+00
4.293824354550752176e+00 -1.003790029147042961e+00 1.191716281389640564e+01 3.895209119245983675e-01 1.172895708001237125e+01 -1.184716254902078658e+00
4.645134858443086934e+00 -1.004283326944836130e+00 1.037848956776429077e+01 5.562383868714828594e-01 1.169525350980668321e+01 -1.315502350568451995e+00
4.103046309087612364e+00 -8.199885796773996871e-01 9.987772996805507120e+00 8.214473425525365968e-01 1.021401925814929967e+01 -1.539976815600003546e+00
4.117396439971251709e+00 -9.569473398950490983e-01 1.040553227192695118e+01 5.057619238221029434e-01 1.180663007392675112e+01 -1.501946513581975839e+00
4.293442236372754017e+00 -1.009817079805725992e+00 1.218791770898089233e+01 3.465600092183127590e-01 1.200277228521144934e+01 -1.155260471335519901e+00
4.183688291667619019e+00 -1.000515858865276941e+00 1.185428515058997512e+01 5.057620757214653651e-01 1.137010750972220308e+01 -1.272754792134493940e+00
4.241934896677732603e+00 -1.010214706718326916e+00 1.181648317973732887e+01 3.470111358673670932e-01 1.194921118762156809e+01 -1.170375654352688422e+00
4.271709118193252053e+00 -1.003641012483822870e+00 1.176267259960485312e+01 3.630331442072012305e-01 1.149638956806933976e+01 -1.300761733550241717e+00
3.810608587045395623e+00 -7.360452304164996074e-01 1.003850828568765507e+01 8.053798140270345129e-01 1.020115582743377303e+01 -1.539514667702741590e+00
4.773177467730138623e+00 -9.656884812591770562e-01 1.045067855257354239e+01 7.868460575525273448e-01 1.141422053366207834e+01 -1.281672605723536140e+00
4.560743011421299897e+00 -9.647828474138836485e-01 1.045642059941004831e+01 6.841638492298627305e-01 1.070060764045685175e+01 -1.277855917461315993e+00
4.273993114000846028e+00 -1.003611793594966883e+00 1.176507955576919784e+01 5.562383868714828594e-01 1.169079585404041666e+01 -1.315069224734176423e+00
4.292467046045162604e+00 -9.624782731369999622e-01 1.024532115864420945e+01 7.773828330218410798e-01 1.143266129607477311e+01 -1.387994299760969774e+00
4.271059119873226173e+00 -9.997069824660471671e-01 1.189738132099881085e+01 3.688763925502913654e-01 1.193411201983755277e+01 -1.289248912644858747e+00
4.535839205339455837e+00 -9.996649657406881939e-01 1.185428515058997512e+01 5.057041048181885046e-01 1.141426953163778890e+01 -1.272740991724207182e+00
4.110337159323839806e+00 -9.651979836681774394e-01 1.111213803637127384e+01 6.862159293002636495e-01 1.076038199931752715e+01 -1.513098445198452380e+00
4.030433542117846102e+00 -8.841954319247552485e-01 1.069969914207850437e+01 6.903286587781289896e-01 1.142704304685331174e+01 -1.539505534767787953e+00
3.989818051303982482e+00 -8.249378204917617863e-01 1.012375138916451611e+01 8.246895436784442701e-01 1.142263710970917145e+01 -1.537460556023007907e+00
3.861646269218788508e+00 -7.670930894251604126e-01 1.008682035070220451e+01 8.314805483606142467e-01 1.037625761358517273e+01 -1.539645030411709747e+00
3.808401806819250446e+00 -7.360452304164996074e-01 1.003850828568765507e+01 8.315112787239140602e-01 1.020115582743377303e+01 -1.539514667702741590e+00
4.152740041964693596e+00 -9.624643349173699347e-01 1.216305951462099877e+01 6.975209381461797697e-01 1.143340941095191354e+01 -1.364914436116864138e+00
4.462642098697021886e+00 -9.656884812591770562e-01 1.045067855257354239e+01 6.796705950281936026e-01 1.141422053366207834e+01 -1.281672605723536140e+00
4.560743011421299897e+00 -9.647828474138836485e-01 1.045642059941004831e+01 4.865560498378016518e-01 1.070060764045685175e+01 -1.277835082821494384e+00
4.480167330922697033e+00 -9.789000741287706697e-01 1.152159774637534539e+01 7.241498528492882336e-01 1.142161081362786845e+01 -1.279362531525051860e+00
4.091546579617605595e+00 -9.647828474138836485e-01 1.045604110169153600e+01 7.947591073537916273e-01 1.025286404604203483e+01 -1.429336186781218654e+00
1.325264477548087250e+01 8.067117819097893161e-01 1.274441070109764240e+01 -8.985702625872636906e-01 1.404469815133698773e+01 -1.329213752581516861e+00
4.039262143149908724e+00 -7.768737739521098806e-01 1.003831536411529868e+01 8.203127497192816975e-01 1.026168434914885097e+01 -1.539978653059146829e+00
3.806010794664666630e+00 -7.111139500325694973e-01 1.003852027019445003e+01 8.214851352489622727e-01 1.019491711381030363e+01 -1.539979477918269835e+00
4.645134858443086934e+00 -1.004283326944836130e+00 1.037659121222692349e+01 5.533371083927085543e-01 1.169525350980668321e+01 -1.315502350568451995e+00
4.049468921008826605e+00 -7.696919519533272913e-01 1.045797135626965790e+01 8.280681817878381423e-01 1.037496547869259444e+01 -1.539200030785032425e+00
4.233835377706852476e+00 -9.651886787729444528e-01 1.153420209685782183e+01 6.840433459441390696e-01 1.142161081362786845e+01 -1.279362531525051860e+00
4.293824354550752176e+00 -1.003683048304699232e+00 1.175277293187791727e+01 3.895209119245983675e-01 1.172895708001237125e+01 -1.184745406371280119e+00
4.551315081604820456e+00 -9.926774986034226922e-01 1.003844585971605952e+01 6.845940569177311197e-01 1.019397758257716191e+01 -1.366250303711650682e+00
4.110337159323839806e+00 -9.651979836681774394e-01 1.111213803637127384e+01 6.862159293002636495e-01 1.142161081362786845e+01 -1.513098445198452380e+00
4.109978149225675281e+00 -8.199885796773996871e-01 1.008115360116832449e+01 8.214473425525365968e-01 1.022534561368186878e+01 -1.539976815600003546e+00
3.872363722993566792e+00 -7.771382019376733563e-01 1.003831536411529868e+01 8.203127497192816975e-01 1.019549029009352026e+01 -1.539978653059146829e+00
