4.356622933229672867e+00 -1.959049317041432481e-01 5.082382178396818162e+00 5.511840510869134846e-01 1.152371312204591902e+01 -8.769801194438910930e-01
3.702105874457840784e+00 -3.404907148778208992e-01 3.984498286531761746e+00 5.875343630089631120e-01 1.161479251338534091e+01 -8.768987534571877074e-01
1.606654404138424397e+01 -2.372664102624666427e-01 1.531589046969684986e+01 -7.113318443316489770e-01 1.743027634970516360e+01 -1.105927293144099988e+00
1.606464484895174394e+01 -8.681276073168822105e-01 1.527990976961945790e+01 -1.007160003689230754e+00 1.762228581715762843e+01 -1.000567433506608594e+00
3.702105874457840784e+00 -3.404907148778208992e-01 3.984498286531761746e+00 6.224913281679391730e-01 1.174107830079906023e+01 -8.803991612063334360e-01
1.606555303142771862e+01 -9.496570088441291801e-03 1.531843872830469522e+01 -7.373051164332590224e-01 1.743026719372029021e+01 -1.108553282043030830e+00
3.930346845386774923e+00 -3.389958132299137894e-01 3.988661101966474831e+00 6.226374452746128441e-01 1.608171395572800932e+01 -8.691420279367433332e-01
3.999630586365487961e+00 -5.020764679713098921e-01 5.075358909698304721e+00 5.110444079620735103e-01 1.804957453530725076e+01 -5.905251668226547679e-01
1.389431581819854244e+01 5.587191203420922569e-01 1.528983662766870921e+01 6.367860604918611500e-01 1.865387736248482398e+01 -1.115564805089287015e+00
1.604517092914713317e+01 -6.838794965094185940e-01 1.506209056992919670e+01 -7.210265193493350377e-01 1.764488733457266534e+01 -8.201565952052047859e-01
4.150472320771002366e+00 -3.631480701943465839e-01 5.110953872488959604e+00 6.009949009836628164e-01 1.368040564502758727e+01 -8.833530240564876346e-01
1.578729585929140455e+01 9.611756908898816398e-02 1.511401725305676180e+01 -3.095020566475628065e-01 1.779490551406785670e+01 -1.113584511008708366e+00
5.014112315302504008e+00 -5.164604731694586448e-01 5.289437558926763927e+00 6.566299811615103899e-01 1.874551994227555340e+01 2.070554630567740251e-01
1.565824434633902484e+01 4.380515159877487186e-01 1.496153308415524208e+01 9.669059156482693318e-01 1.913454033183158387e+01 -1.016534689315825135e+00
1.545915523038922146e+01 1.360954236836431352e-01 1.509413245892670474e+01 2.123441588074159725e-02 1.764192996867893726e+01 -1.308027479269690430e+00
4.139467710820063040e+00 -2.081196574512242936e-01 5.076167932833772767e+00 4.969759011255314718e-01 1.319845315525937224e+01 -1.008186879690770255e+00
4.985503757235443700e+00 -4.152701171104413724e-01 5.105219316777272809e+00 5.678490363882913172e-01 1.881644372916805708e+01 -1.499414353685453172e-01
1.471810547251730839e+01 3.965298820826101966e-01 1.306454128956737293e+01 8.571729109682570957e-01 1.853213376787345013e+01 -1.015021684027843207e+00
3.702105874457840784e+00 -3.375404628789195893e-01 5.081279617881663491e+00 6.198827386610443746e-01 1.659973873618629980e+01 -8.803991612063334360e-01
5.577099148531290851e+00 -5.282817242933879331e-01 5.101857521345605662e+00 5.918328954228271321e-01 1.924153485897528171e+01 1.939089204558885893e-01
4.253165516063535989e+00 -4.183573693929991677e-01 5.105452372161937369e+00 5.679452119820824763e-01 1.952749897544807922e+01 1.208211574151261125e-01
4.202538433718369326e+00 -5.167095489662287822e-01 5.363183114762614778e+00 5.680143311098810877e-01 1.956492590790474395e+01 -1.532055721586509378e-01
1.564680273940757615e+01 9.534743737971940192e-02 1.501490599879022270e+01 -1.424472698971595008e-01 1.742994042870739690e+01 -1.174705716225867835e+00
1.633804262121579853e+01 -5.000439183241736085e-01 1.489738055758011015e+01 -5.156441310262653843e-01 1.747212959166461488e+01 -1.144252299553598640e+00
5.154228482340244888e+00 -6.511027079904305737e-01 5.318635587943496112e+00 5.918751431193856050e-01 1.960731571795125916e+01 2.322649231992528485e-01
4.083444322513493319e+00 -5.655975710016739599e-01 5.100316984329286818e+00 5.680143311098810877e-01 1.909748010746304914e+01 -2.777280562453636747e-01
1.390369547524464622e+01 4.537787401028514633e-01 1.517920940851696443e+01 9.818930350993788636e-01 1.872922234995715485e+01 -1.108856998340899347e+00
1.578729585929140455e+01 -2.333996311285981839e-01 1.531493464006284100e+01 -3.095020566475628065e-01 1.779490551406785670e+01 -1.113783650332424990e+00
4.671721903145192201e+00 -4.887654319463914376e-01 4.736184759471907313e+00 5.919664341666686092e-01 1.872826741901407388e+01 -2.616444822442041129e-01
4.005766236365571942e+00 -4.834065289095534901e-01 5.091662411525740950e+00 8.513510982559204798e-01 1.743354439090752450e+01 -7.554800053085538591e-01
4.189007352056686173e+00 -3.691741494058751183e-01 4.790345448884137269e+00 6.130342295923396634e-01 1.266995264133704424e+01 -8.803991612063334360e-01
1.539139287221148322e+01 4.036355132769386955e-02 1.509654466991857191e+01 1.035180401143753759e-01 1.810540477052910191e+01 -1.132290648423684098e+00
1.463515740291664002e+01 4.688649121253432028e-01 1.470588400089567216e+01 5.125117448423353039e-01 1.875921088937361958e+01 -1.309492180175134468e+00
5.078934684850059611e+00 -5.168276501554478486e-01 5.106670261634964625e+00 4.908778577735919413e-01 1.956637210720154840e+01 -2.255094765631238118e-02
4.030389952134912690e+00 -3.390815564750282451e-01 3.980777324993428845e+00 6.381838268416397675e-01 1.201823113584327274e+01 -8.803991612063334360e-01
4.196980605256309005e+00 -5.167095489662287822e-01 5.363183114762614778e+00 5.680036986323413473e-01 1.956492590790474395e+01 -6.174899985532023017e-02
1.389431581819854244e+01 5.587191203420922569e-01 1.528983662766870921e+01 6.380867999048649430e-01 1.865387736248482398e+01 -1.059246178670066652e+00
5.577099148531290851e+00 -5.296587752365251589e-01 5.282089603674970490e+00 5.480781854876402015e-01 1.960736179862895057e+01 1.939089204558885893e-01
4.668989074982921039e+00 -4.091349427380162052e-01 5.075351558933982155e+00 5.823459773812822426e-01 1.839660206292496980e+01 -2.630954977241368731e-01
1.390102854056765125e+01 5.583506451253597014e-01 1.491390924273718355e+01 9.445680708396149150e-01 1.875928528875093448e+01 -1.108856998340899347e+00
5.015882778550105670e+00 -4.885894416796796591e-01 5.289803451190535633e+00 5.927385776691354025e-01 1.874464220096643174e+01 1.071458856054823272e-01
3.999204998162864566e+00 -5.174226350630501958e-01 5.076709875796331595e+00 5.680620955684996254e-01 1.973284160412502430e+01 -2.461580809218955057e-01
4.005766236365571942e+00 -5.024235086446773302e-01 5.259114123818981135e+00 5.553549439658320708e-01 1.872843113660962189e+01 -5.969191613166925370e-01
1.539440787451239956e+01 4.595298335761088815e-01 1.489059284390605242e+01 1.441983036054514944e-01 1.811545662467294093e+01 -1.260084350206061687e+00
4.202538433718369326e+00 -5.167095489662287822e-01 5.363183114762614778e+00 5.680143311098810877e-01 1.956492590790474395e+01 -1.197640118549421206e-01
1.489621606677090071e+01 4.349134038827102700e-01 1.306454128956737293e+01 9.730122548776956037e-01 1.883627089800398124e+01 -1.168908998023794998e+00
1.420437559028035324e+01 3.705782552295586729e-01 1.459956740225101868e+01 4.882617956401054116e-01 1.916805783986522016e+01 -1.288992861768825549e+00
4.005766236365571942e+00 -3.158846796714467331e-01 5.091662411525740950e+00 8.155936041718914176e-01 1.743530601645492339e+01 -7.554800053085538591e-01
1.591106721971013727e+01 -6.075503923014795582e-01 1.572436890090120443e+01 -9.459625551812042010e-01 1.742985116139713142e+01 -1.105990715679191272e+00
4.137541532087136709e+00 -3.177710546379608481e-01 5.075351558933982155e+00 5.821820791846987753e-01 1.804245507624547074e+01 -5.906099437856363599e-01
4.030923147075454516e+00 -4.027062277599158246e-01 4.818456005661243324e+00 5.665834435211891673e-01 1.807952745578167608e+01 -3.337968945953513344e-01
1.563442854955230743e+01 4.253804040863995439e-01 1.525371483021562469e+01 9.754006421799914506e-01 1.739009811550389273e+01 -1.145836838603658148e+00
3.930346845386774923e+00 -3.388578050377824002e-01 4.718813366746028137e+00 6.226374452746128441e-01 1.607876540122654418e+01 -8.691420279367433332e-01
1.597043870526455933e+01 1.079478495065575583e-01 1.507859851595877387e+01 5.608421172238253760e-02 1.764192996867893726e+01 -1.264896582317170282e+00
4.240806720713707456e+00 -4.027062277599158246e-01 4.807512032635926857e+00 5.665834435211891673e-01 1.907638750672141725e+01 -3.521767410381813068e-01
1.563442854955230743e+01 4.253804040863995439e-01 1.525371483021562469e+01 7.174380405809732686e-01 1.850241475498514632e+01 -1.125871603506469532e+00
4.254990122510386108e+00 -3.436581295908727185e-01 5.451209532931031276e+00 5.680143311098810877e-01 1.907048471065143502e+01 6.939663201985024621e-02
1.478997013590246468e+01 4.578407403995243818e-01 1.329810281943012740e+01 6.501686224307183792e-01 1.923897655254075190e+01 -1.249857840310480306e+00
4.356622933229672867e+00 -2.047991865159646263e-01 5.121427647986167564e+00 5.511840510869134846e-01 1.250226788654957488e+01 -1.011680666251204119e+00
4.030923147075454516e+00 -4.027062277599158246e-01 4.818456005661243324e+00 5.665834435211891673e-01 1.807952745578167608e+01 -3.597426681180686536e-01
1.606547007426533114e+01 -2.372760664076829507e-01 1.531843872830469522e+01 -7.864349061960411724e-01 1.743010734386654903e+01 -1.029110885330628111e+00
1.633745910150683045e+01 -6.176294441501889443e-01 1.500004512367863185e+01 -4.904433633308831197e-01 1.741277382641608540e+01 -1.310664472729315522e+00
4.137541532087136709e+00 -3.177710546379608481e-01 5.075351558933982155e+00 5.821820791846987753e-01 1.803632596615382866e+01 -5.906099437856363599e-01
3.893170988850133796e+00 -5.024235086446773302e-01 5.078199042046799505e+00 5.807920192191255992e-01 1.971961483971691820e+01 -5.969191613166925370e-01
1.565815537432631288e+01 7.945521918758990942e-02 1.507693358834637110e+01 -3.170096380113456291e-01 1.744234891538222598e+01 -1.279741097070880018e+00
5.485132109986698090e+00 -4.216616324145459060e-01 5.086239672215945085e+00 5.649162400726455147e-01 1.966111539027110666e+01 -3.321356072916747948e-02
1.493519681056911708e+01 4.268247577653461189e-01 1.525605125678053753e+01 2.393319830792515202e-01 1.763969528761252192e+01 -1.169910160705611268e+00
1.565450682689067818e+01 4.268247577653461189e-01 1.527411462745379467e+01 2.340291220854560095e-01 1.763969528761252192e+01 -1.169910160705611268e+00
5.557146391271324148e+00 -4.156248794714896277e-01 5.105219316777272809e+00 4.908778577735919413e-01 1.959456286687087001e+01 1.183354774323712721e-01
3.862254567629040736e+00 -5.024808742471762457e-01 5.245782586502163447e+00 6.733779000213506727e-01 1.907638750672141725e+01 -5.112324512233124008e-01
1.514114872715394355e+01 3.705782552295586729e-01 1.496146289196584434e+01 4.882617956401054116e-01 1.921005687449243382e+01 -1.335268056569483441e+00
5.461691781304269355e+00 -3.288598633638430968e-01 5.081127191070164528e+00 5.679869202898539804e-01 1.966111539027110666e+01 -3.566450965296019682e-02
4.030389952134912690e+00 -3.391335713321121936e-01 4.790345448884137269e+00 6.224913281679391730e-01 1.201823113584327274e+01 -8.803991612063334360e-01
1.634131738606473760e+01 -6.176294441501889443e-01 1.500343972694453143e+01 -4.815318216465906964e-01 1.742168461390407685e+01 -1.013378892538407960e+00
4.254990122510386108e+00 -5.174226350630501958e-01 5.451209532931031276e+00 5.680143311098810877e-01 1.907048471065143502e+01 6.939663201985024621e-02
3.709965851631511047e+00 -3.436447217468461268e-01 5.137039505136179685e+00 8.522920344794360226e-01 1.743354439090752450e+01 -7.609794248244052817e-01
4.253165516063535989e+00 -2.411996498054258531e-01 5.408176634476689060e+00 5.680095376438627497e-01 1.312250530692514161e+01 -8.576660119081059852e-01
1.518173784026037154e+01 3.018209337996444752e-01 1.513473180511315519e+01 5.588844968787842760e-01 2.056799866402428023e+01 -1.183058938756250678e+00
4.009664333097255451e+00 -3.056368527832149518e-01 5.070398494078209417e+00 5.640184777973278329e-01 1.106153717100422362e+01 -9.494922276080827173e-01
1.479261851389887283e+01 4.592934178676126855e-01 1.488915336113096899e+01 1.186921978915456144e-01 1.763348873978929987e+01 -1.260084350206061687e+00
1.479261851389887283e+01 4.595298335761088815e-01 1.489059284390605242e+01 1.441983036054514944e-01 1.873513322128860992e+01 -1.260084350206061687e+00
1.599811385907048233e+01 -5.010028695785302411e-01 1.516349277273336682e+01 -4.076097824470754638e-01 1.742128540936923642e+01 -1.241101665045448499e+00
1.477193995026008366e+01 4.584149703715334478e-01 1.391051102454489907e+01 6.501686224307183792e-01 1.971286037395922008e+01 -1.265896652874278772e+00
1.599253243953725701e+01 1.079478495065575583e-01 1.509070853621628316e+01 1.125214661857003584e-01 1.708719799032350295e+01 -1.264896582317170282e+00
1.488439397098011341e+01 4.635053823979262688e-01 1.491450010192278697e+01 9.445680708396149150e-01 1.875921088937361958e+01 -1.108856998340899347e+00
3.998800793056099590e+00 -5.019725237702155063e-01 5.098214383316916454e+00 5.807920192191255992e-01 1.906408542520340177e+01 -5.958609405525970848e-01
4.254990122510386108e+00 -5.174226350630501958e-01 5.086576763284407221e+00 5.680143311098810877e-01 1.907048471065143502e+01 -2.074196894590902840e-01
1.606654404138424397e+01 -2.372760664076829507e-01 1.531843872830469522e+01 -7.170313747368741719e-01 1.883301351665857126e+01 -1.108519151239627076e+00
1.484886147176151994e+01 4.268247577653461189e-01 1.525605125678053753e+01 2.487890814999944578e-01 1.763969528761252192e+01 -1.187400733713393164e+00
4.225951227180632763e+00 -1.824975764465004424e-01 5.121427647986167564e+00 5.510920031931991758e-01 1.250226788654957488e+01 -1.014478615519594396e+00
4.649074782858898303e+00 -4.887419842342950460e-01 5.127282139619354417e+00 7.097580558209162227e-01 1.847956233877274457e+01 2.140678292574069719e-01
5.168720726801568688e+00 -4.156248794714896277e-01 5.103233986355926177e+00 4.083160002105283848e-01 1.960752731679874117e+01 1.148794439188138838e-01
4.548796390911252985e+00 -5.168276501554478486e-01 5.357052969238838891e+00 4.908778577735919413e-01 1.956024299834679070e+01 -1.474212404420296441e-01
3.702105874457840784e+00 -3.405427297349048477e-01 4.794069658878280293e+00 6.224913281679391730e-01 1.174107830079906023e+01 -8.803991612063334360e-01
1.606571957723754451e+01 -3.659623137842489271e-01 1.575884178885089426e+01 -3.284286980559381064e-01 1.741824828639855482e+01 -1.041469460220151078e+00
4.253165516063535989e+00 -2.553191778176373550e-01 5.078583924999734656e+00 5.679452119820824763e-01 1.312250530692514161e+01 -8.576660119081059852e-01
3.930346845386774923e+00 -3.508900549376618994e-01 5.276983656334529371e+00 6.226374452746128441e-01 1.612669946988758696e+01 -8.691420279367433332e-01
1.534081059494828381e+01 5.374256515527084943e-01 1.488358164338198009e+01 4.870865552370116092e-01 1.821713091372790316e+01 -1.288992861768825549e+00
1.564680273940757615e+01 7.147237341611223371e-02 1.501481251199228595e+01 -1.393570269862294264e-01 1.742994042870739690e+01 -1.120226472371043558e+00
3.979573575446715861e+00 -5.113858821199939175e-01 5.105556407845734945e+00 6.354813317345566759e-01 1.907048471065143502e+01 -3.796887437585800829e-01
