4.644696815300151549e+00 -9.223979537731473721e-01 1.018455847410469417e+01 6.735019395438373024e-01 1.179763224715964220e+01 -1.264297177332996291e+00
4.263589446183293497e+00 -7.261607949675531470e-01 1.010748648344555178e+01 8.162044071007481527e-01 1.008346135802076482e+01 -1.539915818293121630e+00
3.923215757638318646e+00 -1.080989996117985408e+00 1.272110825553306945e+01 3.861254039832087148e-01 1.177487203358938928e+01 -1.153433337522249857e+00
3.772168876041911645e+00 -7.261607949675531470e-01 1.010071602582177519e+01 8.162044071007481527e-01 1.008347611371390684e+01 -1.539915818293121630e+00
3.789911098661592259e+00 -7.228898862527215474e-01 1.015095806615241969e+01 8.210665124134650661e-01 1.012663888320050276e+01 -1.539932875797083378e+00
3.789911098661592259e+00 -7.473225410569820371e-01 1.015120697418111106e+01 8.373311474358011708e-01 1.035615118927539413e+01 -1.539932875797083378e+00
3.772168876041911645e+00 -7.478331158506685838e-01 1.007429898304114602e+01 8.156982373784971152e-01 1.011184367628584724e+01 -1.539932970741306084e+00
3.772168876041911645e+00 -7.325922791896395392e-01 1.007429898304114602e+01 8.162044071007481527e-01 1.010733797070821183e+01 -1.539925381770229640e+00
4.155477221044507452e+00 -1.072866865257389390e+00 1.143309500960263492e+01 5.195579819410558464e-01 1.177137986629914224e+01 -1.304046450612481589e+00
4.301075807977132293e+00 -9.301689951469708229e-01 1.010739863485899726e+01 8.761803242292547367e-01 1.176784871695494417e+01 -1.288832722516999763e+00
4.299454664020780470e+00 -8.468521612609523075e-01 1.010739863485899726e+01 8.166942667856771365e-01 1.178426920393204291e+01 -1.437810119043578583e+00
3.947823145779324694e+00 -8.962794460944990549e-01 1.010739863485899726e+01 8.640217322054088989e-01 1.165528647292445008e+01 -1.518791987285067702e+00
4.647162553609136992e+00 -9.226271746785884575e-01 9.972019717306640274e+00 6.728329130682006998e-01 1.176802318337357178e+01 -1.309896551384268859e+00
4.286559859117148541e+00 -1.001275270559415453e+00 1.253663343391023233e+01 5.607359775873366203e-01 1.174292952990543171e+01 -1.241269118816730410e+00
3.923215757638318646e+00 -1.080989996117985408e+00 1.269049147659566401e+01 3.861254039832087148e-01 1.177483598711231139e+01 -1.168387084102912699e+00
4.045155820034862515e+00 -9.990948953986726888e-01 1.269391478489234792e+01 6.294657900538345174e-01 1.174292952990543171e+01 -1.308109374850703110e+00
4.629261917875577836e+00 -9.268701603857779636e-01 1.035303907127590861e+01 7.672519285288288415e-01 1.176802318337357178e+01 -1.398929417741626269e+00
4.087643724762924258e+00 -1.005139268152443366e+00 1.269391478489234792e+01 5.323862920110866703e-01 1.176325833176763958e+01 -1.224581022880204761e+00
4.076567300296567886e+00 -1.005139268152443366e+00 1.269391478489234792e+01 6.294657900538345174e-01 1.176853723692938658e+01 -1.333272789913144907e+00
4.179803735210390947e+00 -9.222680189996071976e-01 1.008910546241300921e+01 6.739767353090466706e-01 1.177523606256856681e+01 -1.259755249019402612e+00
4.283236944258733025e+00 -8.308344573325175952e-01 1.010031232984934846e+01 8.014103970710642066e-01 1.131557654575152583e+01 -1.522774887300722968e+00
3.789911098661592259e+00 -7.228898862527215474e-01 1.015095806615241969e+01 8.210665124134650661e-01 1.035615118927539413e+01 -1.539932875797083378e+00
4.605235098668910787e+00 -8.766953867541681378e-01 1.018279357376311367e+01 7.992018649330328017e-01 1.178636273629094156e+01 -1.463745188340370484e+00
4.106750241616616393e+00 -1.048438033695950677e+00 1.268408946599521236e+01 5.017134394214255444e-01 1.177587251708170157e+01 -1.237658590975289963e+00
3.970984914334716009e+00 -1.063925182664451130e+00 1.245499809425985305e+01 6.402878518812729070e-01 1.042134308926583941e+01 -1.539741575957236153e+00
4.015011145330281472e+00 -1.073923054921250841e+00 1.218127714169660614e+01 4.790587518523921062e-01 1.194882438207351427e+01 -1.255123651491128145e+00
4.015450852624846689e+00 -1.072866865257389390e+00 1.137870288746758263e+01 5.195579819410558464e-01 1.177137986629914224e+01 -1.260081391123105687e+00
4.177336138930239251e+00 -9.325864370096972333e-01 1.033487882802474189e+01 7.333892179280110390e-01 1.166950422470651816e+01 -1.412527340153136635e+00
4.167022205432859394e+00 -9.221169451778836734e-01 1.041742237796282566e+01 6.252309297494855755e-01 1.176966911680875505e+01 -1.312060322697587544e+00
3.772168876041911645e+00 -8.749449258020146614e-01 1.060293003320345662e+01 8.309125566597237444e-01 1.032808297528577057e+01 -1.539925381770229640e+00
4.371006143330254723e+00 -8.408768422949718380e-01 1.018279357376311367e+01 8.471671218590093311e-01 1.180377699633399757e+01 -1.404075476424604396e+00
3.868926029965406688e+00 -7.583329211663124569e-01 9.934516606492419299e+00 8.231019169735378505e-01 1.010666905234275248e+01 -1.539936767492888992e+00
4.280159551598759826e+00 -1.005139268152443366e+00 1.269391478489234792e+01 6.294657900538345174e-01 1.173538391258946767e+01 -1.421722998714243902e+00
4.108113197798101801e+00 -1.001815064660047661e+00 1.185624603678179056e+01 4.601419247183105021e-01 1.216308319093946544e+01 -1.273906892856275785e+00
4.015258422760259016e+00 -9.301689951469708229e-01 1.006609377776868719e+01 8.761803242292547367e-01 1.198903117944304952e+01 -1.457948430407972173e+00
3.925161962870717947e+00 -1.082750800506744548e+00 1.209923830481277029e+01 3.861254039832087148e-01 1.177487718845978293e+01 -1.454308606416937266e+00
4.517889344215059388e+00 -9.297020799101863853e-01 1.033487882802474189e+01 7.333892179280110390e-01 1.179839656317329677e+01 -1.450944007197807695e+00
4.030063017882905996e+00 -1.084126399868249546e+00 1.227734284426404265e+01 5.647957617908665462e-01 1.217079539649956033e+01 -1.261001918739636629e+00
4.035365076850895072e+00 -1.076155154013933801e+00 1.257058994343533875e+01 6.292069851280870374e-01 1.174966074041575048e+01 -1.322831908732281292e+00
4.035517324481343593e+00 -1.072866865257389390e+00 1.137870288746758263e+01 5.176554001695130580e-01 1.177137986629914224e+01 -1.259084121733771156e+00
3.774496016694570244e+00 -8.195161746809379588e-01 1.048083536692576345e+01 8.172940052463650851e-01 1.039119855515116697e+01 -1.508390339395497826e+00
4.029526345317717251e+00 -1.047205930634044657e+00 1.267992864315252710e+01 4.601419247183105021e-01 1.217692774172950898e+01 -1.187942594574945776e+00
4.172950524626778623e+00 -9.981370182340197905e-01 1.207377960761565738e+01 6.290611805664423350e-01 1.198282175759815260e+01 -1.432093877104870572e+00
4.036057995728225656e+00 -1.044730288855792777e+00 1.260637955717830394e+01 4.714056046169479153e-01 1.217692774172950898e+01 -1.187470274363992440e+00
3.930870668847402438e+00 -1.048692916440786993e+00 1.267992680566893959e+01 3.951331532224970911e-01 1.177630239878669371e+01 -1.173251007048413230e+00
4.357300286868294847e+00 -9.287222032735538146e-01 1.033487882802474189e+01 8.524051584609746435e-01 1.180112794963199896e+01 -1.404073768034508785e+00
3.930870668847402438e+00 -1.080685494464236118e+00 1.268061165108065858e+01 3.951331532224970911e-01 1.177723320236491311e+01 -1.177323662882728161e+00
3.931515553338476465e+00 -1.048692916440786993e+00 1.267992680566893959e+01 3.997899665830388916e-01 1.177630239878669371e+01 -1.189998898826990947e+00
3.792628458369800448e+00 -1.048109762683756330e+00 1.271390911528293266e+01 4.549718482983051704e-01 1.182266409317421285e+01 -1.419036228567890578e+00
4.291099044450435329e+00 -9.916842537211583153e-01 1.207377960761565738e+01 5.433627522774533425e-01 1.197156300099223003e+01 -1.343643668292830107e+00
4.492960600629767320e+00 -8.667899546163003732e-01 9.740473357382256836e+00 7.998639079667611007e-01 1.147158857331633897e+01 -1.367736330656914134e+00
3.778646756538631468e+00 -7.495593960211016649e-01 1.010031232984934846e+01 8.014103970710642066e-01 1.131557654575152583e+01 -1.523270256286082480e+00
3.944359130286457127e+00 -7.479507826992617403e-01 1.014608532914590988e+01 8.216829170795771908e-01 1.051369264331672682e+01 -1.539909356728294432e+00
3.970984914334716009e+00 -1.062369089536152389e+00 1.240128562492352060e+01 6.410614596385664221e-01 1.041843978509345092e+01 -1.539741575957236153e+00
3.963985216018697688e+00 -1.047205930634044657e+00 1.267992864315252710e+01 4.648490147576302967e-01 1.197253565408126974e+01 -1.192736888006828533e+00
4.171167297840867150e+00 -9.990948953986726888e-01 1.269391478489234792e+01 6.294657900538345174e-01 1.174292952990543171e+01 -1.312060322697587544e+00
4.629261917875577836e+00 -9.268701603857779636e-01 1.035845054402473941e+01 7.381758523619557089e-01 1.179442263594141949e+01 -1.351102189657392705e+00
4.415546792148275834e+00 -8.420088878329152760e-01 1.015388847243998072e+01 7.944952464922483415e-01 1.147460077932009526e+01 -1.351057850253891912e+00
4.286843372070365810e+00 -9.916842537211583153e-01 1.207377960761565738e+01 5.433627522774533425e-01 1.197156300099223003e+01 -1.432093877104870572e+00
4.186937684187695297e+00 -1.001815064660047661e+00 1.230060762049829393e+01 5.813219028180900416e-01 1.216308319093946544e+01 -1.324966847942885995e+00
4.502114208672102436e+00 -8.844987646134585546e-01 1.007510379625395913e+01 7.998591509225136953e-01 1.150272178563811210e+01 -1.516307518542874488e+00
3.869163081741175070e+00 -9.163621416511121831e-01 1.015503290404783954e+01 8.182672486661433098e-01 1.041017246182354938e+01 -1.518786797404486411e+00
4.499464975629813956e+00 -9.223979537731473721e-01 1.017461874205196537e+01 6.731566496026979429e-01 1.179763224715964220e+01 -1.264434352663397654e+00
4.286238708772256878e+00 -8.897398482896806682e-01 1.010739863485899726e+01 8.168083144574151966e-01 1.175658996034902160e+01 -1.518791987285067702e+00
3.963985216018697688e+00 -1.046920032127340416e+00 1.251031500729099122e+01 4.664680841373214371e-01 1.197253565408126974e+01 -1.192736888006828533e+00
4.356099784980906442e+00 -9.226398932749140247e-01 1.015856859812514656e+01 8.166671654646160405e-01 1.176841455889324983e+01 -1.475343713642416121e+00
4.605235098668910787e+00 -8.766953867541681378e-01 1.018279357376311367e+01 8.351850566347698290e-01 1.178636273629094156e+01 -1.456740812470543878e+00
4.562021746241573084e+00 -8.491272480062534989e-01 1.018279357376311367e+01 8.375092635367407112e-01 1.178636273629094156e+01 -1.457025019158145973e+00
3.941061517807590953e+00 -1.057300490569589968e+00 1.025697095570845718e+01 8.453069069293532856e-01 1.096198909122865217e+01 -1.530614374502313746e+00
4.492669906515049050e+00 -9.287222032735538146e-01 1.033487882802474189e+01 7.333892179280110390e-01 1.176802318337357178e+01 -1.403881212453543581e+00
4.139165747208277679e+00 -9.887965286917270724e-01 1.014208464424557121e+01 7.381084250426330762e-01 1.130829536279179237e+01 -1.535574041046376514e+00
4.286238708772256878e+00 -8.897398482896806682e-01 1.010739863485899726e+01 8.168083144574151966e-01 1.175658996034902160e+01 -1.539485415392531031e+00
3.826904891587601387e+00 -9.215628283821951650e-01 1.010176882909082252e+01 7.390291580285062167e-01 1.137671032433279272e+01 -1.522333359016433407e+00
4.562021746241573084e+00 -8.491272480062534989e-01 1.018279357376311367e+01 8.188055063399519717e-01 1.178636273629094156e+01 -1.456435267706093661e+00
4.494186679125269812e+00 -9.346453592916063036e-01 1.033470316784756804e+01 7.381758523619557089e-01 1.176802318337357178e+01 -1.310605417730579703e+00
3.963985216018697688e+00 -1.047371294005377873e+00 1.234526470233435091e+01 4.957138598567825127e-01 1.195008014060374535e+01 -1.190108710114025081e+00
3.968259232690218408e+00 -1.049643133394338124e+00 1.265308139245602703e+01 4.693436903778231972e-01 1.179601189336010414e+01 -1.124905849311692352e+00
4.286843372070365810e+00 -1.027487238132613445e+00 1.207148128312583957e+01 6.027361806718878334e-01 1.198282175759815260e+01 -1.432093877104870572e+00
4.182625363578496014e+00 -9.180702669450925280e-01 1.066618041762789026e+01 8.192848857910632887e-01 1.038280979925665193e+01 -1.448617402184855241e+00
4.028082541189450083e+00 -1.073040239882808278e+00 1.218127714169660614e+01 4.792895020699456943e-01 1.184064312769127980e+01 -1.343685424903204861e+00
4.177336138930239251e+00 -9.325864370096972333e-01 1.033487882802474189e+01 8.178986368334344448e-01 1.178958999497221960e+01 -1.412527340153136635e+00
3.930843094946867566e+00 -1.072470188447083750e+00 1.268061165108065858e+01 3.951331532224970911e-01 1.177723320236491311e+01 -1.177323662882728161e+00
4.464355279105109098e+00 -8.491272480062534989e-01 1.018651238248994773e+01 8.160512863494102653e-01 1.163507157319608609e+01 -1.457025019158145973e+00
3.948396515135344398e+00 -9.760345124869768130e-01 1.273227680058589861e+01 7.950003902283246937e-01 1.123218130110369017e+01 -1.442194461172177755e+00
3.969982985501526063e+00 -1.044837907165927282e+00 1.252061788406153475e+01 4.693436903778231972e-01 1.154492835581972088e+01 -1.192736888006828533e+00
4.180843812036765250e+00 -9.990948953986726888e-01 1.004174610276415081e+01 6.506371485155346690e-01 1.179736132579108165e+01 -1.361850028383023270e+00
4.299154538704990536e+00 -9.186838993798048802e-01 1.057284410482298753e+01 6.732516419021692400e-01 1.162320948637256279e+01 -1.333926244178231357e+00
4.024701688744173111e+00 -9.979707016458142510e-01 1.252335065913418788e+01 6.292069851280870374e-01 1.174292952990543171e+01 -1.189622262998169422e+00
3.941277720434639420e+00 -7.479507826992617403e-01 1.007420228221245573e+01 8.450786265018765953e-01 1.096198909122865217e+01 -1.530628308805937809e+00
3.884288842696389299e+00 -9.160065602703422183e-01 1.015120697418111106e+01 8.013000999061041796e-01 1.035615118927539413e+01 -1.539629025540296459e+00
3.787370502881989953e+00 -7.478331158506685838e-01 1.007429148770088645e+01 8.334299396940236804e-01 1.011184367628584724e+01 -1.539932970741306084e+00
4.297071493947098197e+00 -7.473225410569820371e-01 1.015120697418111106e+01 8.013000999061041796e-01 1.035615118927539413e+01 -1.539148608897267678e+00
4.030063017882905996e+00 -9.850782874267451916e-01 1.104423524410452018e+01 6.706168647978958397e-01 1.188130072831897088e+01 -1.261001918739636629e+00
4.480115049383731396e+00 -9.297020799101863853e-01 1.033487882802474189e+01 7.042976162804568396e-01 1.176991406778018323e+01 -1.450944007197807695e+00
4.492669906515049050e+00 -9.347030499943801418e-01 1.033487882802474189e+01 7.333892179280110390e-01 1.177299016848281532e+01 -1.529313412717126175e+00
3.788817035921853371e+00 -8.749449258020146614e-01 1.007457745601939969e+01 8.327911018209817051e-01 1.010733797070821183e+01 -1.539925170312555380e+00
3.826904891587601387e+00 -9.658655879523704302e-01 1.010176882909082252e+01 7.393391595832201624e-01 1.131659308386196194e+01 -1.522333359016433407e+00
4.466335358361124719e+00 -8.468521612609523075e-01 1.010739863485899726e+01 8.168083144574151966e-01 1.178426920393204291e+01 -1.539399053979307208e+00
4.415546792148275834e+00 -8.965187737396403955e-01 1.010017600310365538e+01 7.952688542466397337e-01 1.147169747514770677e+01 -1.351057850253891912e+00
4.078461947855377190e+00 -9.301689951469708229e-01 1.004360896265613867e+01 8.761803242292547367e-01 1.198903117944304952e+01 -1.457541459757977442e+00
