4.368771203094260258e+00 -1.940328615145578972e-01 5.044121926818862178e+00 5.456098834336882142e-01 1.143312765361520711e+01 -8.607714713237063497e-01
4.314427958533687324e+00 -1.442692625715316312e+00 1.073192258362994522e+01 -1.093618300431999479e+00 1.876453443502336782e+01 -2.097085549961730244e-01
1.165679614858747470e+01 9.472846201571747393e-01 9.325274064293523679e+00 -7.807902972205730263e-01 1.193656548666535500e+01 4.548300185442488708e-01
4.153185631042965120e+00 -1.502125013035071177e+00 9.220585977304342151e+00 -1.248657738564360908e+00 2.079014055245998449e+01 -2.422892185755738392e-01
5.261394846412247084e+00 -8.301987678309699081e-01 6.292138119651108141e+00 1.346662659494326508e-01 2.082130681440188980e+01 9.313475463770237717e-01
1.411907634956994073e+01 7.922691047370054029e-01 9.784262706585437286e+00 -6.182477208377442635e-01 1.241988494043468805e+01 8.000842880938030532e-02
4.368771203094260258e+00 -1.902246628096182501e-01 4.928630256803636200e+00 5.451123450584978158e-01 1.141574316739906791e+01 -9.927442941800128651e-01
1.403421370819444292e+01 4.172461933739282092e-01 1.425540723840504143e+01 9.047335625746848464e-01 1.873527535396882371e+01 -1.326062019339197207e+00
4.658415150819589456e+00 -4.733741765792336409e-01 5.345432910543916449e+00 4.141599628424392776e-01 1.876305627331654691e+01 4.668324043297640280e-01
4.268379707290409719e+00 -1.431655856589057141e+00 1.070691894937787936e+01 -1.044378931505668406e+00 1.990504663396494323e+01 -2.113165742681837322e-01
5.375280388749418492e+00 -6.887621755496319276e-01 5.921207850844507625e+00 3.279865120586460403e-01 2.087245068902517886e+01 8.005560703733256567e-01
4.135783673064620025e+00 -1.488808844521502417e+00 9.830521553376149413e+00 -1.197353076641609837e+00 1.954216690182683891e+01 -2.226743185596877783e-01
4.277939608218575884e+00 -2.779303096596474898e-01 5.052761038437759922e+00 5.192350976424675579e-01 1.633382055516567632e+01 9.984499226617349343e-02
1.259098926164623222e+01 7.922691047370054029e-01 1.086459358396973762e+01 -6.214069902951709912e-01 1.260709047693277896e+01 1.042306687254772601e-01
4.012852439794040826e+00 -8.741008514903736426e-02 4.928575499917291936e+00 5.408040606291448782e-01 1.397137602022587544e+01 -9.906802163434305086e-01
5.895808271850091486e+00 -1.481449524122717687e+00 4.941176668665666405e+00 -1.012851816268894645e+00 2.019809754910697208e+01 1.777954460941444381e-01
4.288747800542306088e+00 -3.068831014053197137e-01 5.004792999714388735e+00 6.071752590383874271e-01 1.644051020469135693e+01 1.100315381903322898e-01
4.152112209993480185e+00 -1.434165816767214663e+00 9.851381103779413451e+00 -1.186904222009592225e+00 1.927545100671710898e+01 -2.424164406972215691e-01
1.468823807266370451e+01 4.933885245154230326e-01 1.455729923109422685e+01 8.668581568235080859e-01 1.887705930731622672e+01 -1.268191406453530234e+00
4.625678626673986216e+00 -3.786448836151348196e-01 4.609064027557948862e+00 5.075990916460799696e-01 1.672036793039947256e+01 1.031492716321795733e-01
3.995072889753836343e+00 -2.810841611200296519e-01 4.829407881229144550e+00 5.068474482484948140e-01 1.319326144075551355e+01 -1.053156010462015013e+00
4.244261930659418702e+00 -1.407974550880542575e+00 7.116548872313589236e+00 -7.153314474046280624e-01 2.058189158186971923e+01 1.959601815001954517e-01
5.492419730065285499e+00 -7.790095997789269200e-01 6.294076427959040210e+00 2.343661923356723520e-01 2.082158970071990822e+01 8.535034710225026799e-01
4.653429666127811615e+00 -3.961848418542208705e-01 5.143561726474240814e+00 4.074123275411023481e-01 1.942489370225188239e+01 2.941679779012100759e-01
1.165483557707406170e+01 8.784061675662462321e-01 9.231284774969864770e+00 -8.590160518378991972e-01 1.214043108078071143e+01 3.042455172247588990e-01
5.376077758689041808e+00 -6.887621755496319276e-01 6.360700432549284855e+00 3.279865120586460403e-01 1.971084097767668197e+01 9.000004819080369423e-01
3.775185449896533818e+00 -1.161590983274289890e-01 4.948806531151287658e+00 7.319719270978404246e-01 1.464119782933356717e+01 -9.455734847292293077e-01
5.377055854886989117e+00 -1.360585538184395871e+00 6.324547685487008408e+00 -9.767808260423835875e-01 2.026134112005792787e+01 2.737030542832277202e-01
1.414650348990823403e+01 4.177438558108126365e-01 1.508517678995718114e+01 4.906703485808434628e-01 1.859997687279973988e+01 -1.316564382189244764e+00
1.386704121963828129e+01 4.212069473975834644e-01 1.475894968138061714e+01 7.740038353051263975e-01 2.094788426864382203e+01 -1.160957003024847722e+00
4.314049615932847637e+00 -1.431606725163441896e+00 1.083878359898981358e+01 -9.929561053036044527e-01 1.954235238814932174e+01 -2.097085549961730244e-01
1.188462034873989026e+01 7.780340187324701340e-01 9.415056735828603252e+00 -6.946075479822749754e-01 1.152572321236592146e+01 3.014395094271535847e-01
4.295725658341052799e+00 -3.786448836151348196e-01 5.049553517569053795e+00 4.377521550480076851e-01 1.757547993184676116e+01 1.031492716321795733e-01
4.302459033260857879e+00 -3.076942474533070904e-01 5.060156665538391607e+00 6.385822573831485549e-01 1.212562273000826707e+01 -9.580004000906247041e-01
4.865281474496844005e+00 -3.588972148652918026e-01 5.361563261945626380e+00 3.721779797446926885e-01 1.816573669825670834e+01 6.268042037635370711e-01
4.549315232219929506e+00 -3.836229996803819375e-01 5.402511448595916477e+00 5.507983756680321363e-01 1.904335917393510513e+01 4.121731381659041737e-01
4.233526229912158989e+00 -1.314627791334691320e+00 7.333768609030057561e+00 -1.071480841853814425e+00 2.058078846441942389e+01 2.426133983488798496e-01
5.362311312103440031e+00 -1.381568008563432759e+00 6.324547685487008408e+00 -1.002464213995953646e+00 2.005323261402856971e+01 2.547111475044361306e-01
4.244261930659418702e+00 -1.297207931503348455e+00 7.110960627805718914e+00 -7.270298460989502720e-01 2.075872529120934118e+01 2.006832939825520246e-01
1.416900850443194670e+01 5.342560110017986474e-01 1.444344073543776119e+01 6.817880535122164964e-01 1.856525854496785755e+01 -1.158117862488301508e+00
5.176273255425601683e+00 -3.961848418542208705e-01 5.143561726474240814e+00 4.107442558923413145e-01 1.904335917393510513e+01 4.270091876850281576e-01
1.480377971908131940e+01 4.537787076394139696e-01 1.385341132608046522e+01 8.222211949334878867e-01 1.682058295645550317e+01 -1.082105675958413782e+00
1.168588482805439810e+01 8.774776319734263197e-01 9.198230031921582395e+00 -6.125260634837238483e-01 1.133587288715827412e+01 1.053495203711696249e-01
1.415365538008871127e+01 4.595897592960267453e-01 1.508517678995718114e+01 8.163699046953021288e-01 1.857246090096646896e+01 -1.316564382189244764e+00
4.296663261523321786e+00 -3.588972148652918026e-01 4.859631195826784378e+00 5.047332866657789907e-01 1.894324763928558397e+01 3.630818129859449961e-01
4.233273215555154678e+00 -1.349860997198739421e+00 1.045523373537237433e+01 -1.090848397930484825e+00 2.029601250049885763e+01 -2.116635227744831926e-01
1.418246754960321709e+01 4.596832067943945610e-01 1.453640437846137345e+01 8.828148844338397083e-01 2.090429851676879025e+01 -1.031343563440544342e+00
5.707476623940514138e+00 -5.894247721046886879e-01 6.415115149064451572e+00 4.385605892174293530e-01 2.055873072574398464e+01 7.543384027819004523e-01
3.734639562913642408e+00 -3.809465221243419908e-01 4.935310293797825487e+00 6.796892377327665713e-01 1.588737579632698882e+01 -9.580238793907661643e-01
4.658415150819589456e+00 -4.733741765792336409e-01 5.345432910543916449e+00 4.141599628424392776e-01 1.876250542069330862e+01 4.176174980364655287e-01
1.493639072079464825e+01 3.324240926890547065e-01 1.454479188711481896e+01 3.366553855416176688e-01 1.850184425911428221e+01 -1.214403329986152968e+00
3.700514930508674638e+00 -3.627784492804830840e-01 5.283897983565956302e+00 7.332472585164371282e-01 1.588737579632698882e+01 -9.580096584760394718e-01
4.233273215555154678e+00 -1.463321131885276571e+00 1.045523373537237433e+01 -1.090807214643115364e+00 2.029601250049885763e+01 -2.116635227744831926e-01
4.295725658341052799e+00 -3.786448836151348196e-01 5.049553517569053795e+00 4.559691554515599154e-01 1.672036793039947256e+01 1.031492716321795733e-01
1.415365538008871127e+01 4.620294119384897868e-01 1.425267490890435340e+01 9.627588430888773807e-01 2.063433099574218588e+01 -1.340483893507443236e+00
3.994279588478315102e+00 -2.713214887423018862e-01 4.772597088018016187e+00 5.057303263570323004e-01 2.012940275629759412e+01 -8.579335785253561220e-02
3.700514930508674638e+00 -3.627784492804830840e-01 5.283897983565956302e+00 6.144932601993438048e-01 1.588737579632698882e+01 -9.580096584760394718e-01
3.786697861099591389e+00 -1.115574271189485600e-01 4.954923029028855730e+00 5.398289524483668167e-01 1.546642653790252453e+01 -1.053182424048757060e+00
4.651732194702005607e+00 -1.481449524122717687e+00 4.941176668665666405e+00 -1.247815196940949889e+00 2.010948500822512131e+01 1.799955386119698186e-01
4.233526229912158989e+00 -1.314627791334691320e+00 7.333768609030057561e+00 -1.071480841853814425e+00 2.058078846441942389e+01 1.603130168761237595e-01
1.390231168718653620e+01 4.933885245154230326e-01 1.455729923109422685e+01 6.502701939653348084e-01 1.875686570632298356e+01 -1.268191406453530234e+00
5.362311312103440031e+00 -1.360585538184395871e+00 6.324547685487008408e+00 -9.767808260423835875e-01 2.026134112005792787e+01 2.579456141892342291e-01
4.627625864277013612e+00 -1.412925882344472361e+00 6.889569116364972601e+00 -9.921484886398875824e-01 2.061467849293848786e+01 3.934477909756133318e-01
4.368771203094260258e+00 -1.940328615145578972e-01 5.044121926818862178e+00 5.456098834336882142e-01 1.293831796896368758e+01 -8.607714713237063497e-01
4.623108858805067278e+00 -3.588972148652918026e-01 5.361563261945626380e+00 3.207083560481029938e-01 1.894324763928558397e+01 5.320097705155184542e-01
4.659172403578492272e+00 -4.732143234768666495e-01 5.126763988487786250e+00 6.434900668856582406e-01 1.928317646699613874e+01 4.279847082263545932e-01
4.233273215555154678e+00 -1.349860997198739421e+00 1.045523373537237433e+01 -1.090848397930484825e+00 2.079774010116293681e+01 -2.116635227744831926e-01
4.885858733823045696e+00 -3.111592088831396374e-01 4.831468025607041916e+00 4.258211938319131917e-01 1.656847250650607606e+01 5.581919698262005625e-01
1.446683557569073031e+01 4.596832067943945610e-01 1.453640437846137345e+01 8.828148844338397083e-01 2.090429851676879025e+01 -1.031343563440544342e+00
1.168588482805439810e+01 8.914533794503021191e-01 9.231284774969864770e+00 -9.929898786781810038e-01 1.133587288715827412e+01 2.244509652061810190e-01
1.483659957818162312e+01 5.287710942089951516e-01 1.352431162093201777e+01 9.507337631811894063e-01 1.879437806021784851e+01 -1.075284850812211701e+00
4.019033588151954106e+00 -1.736512209258140871e-01 5.004236298954165996e+00 5.398289524483668167e-01 1.542297834398620182e+01 -1.010467317970920487e+00
4.135783673064620025e+00 -4.715416986295914992e-01 4.922456127185474983e+00 4.332859081612838725e-01 1.953971193290070829e+01 -6.928132103780404449e-02
5.707476623940514138e+00 -5.894247721046886879e-01 6.415115149064451572e+00 4.385605892174293530e-01 2.098964761964565184e+01 7.543384027819004523e-01
4.368771203094260258e+00 -3.236476128503995575e-01 4.289138047812702581e+00 5.451123450584978158e-01 1.141574316739906791e+01 -9.927442941800128651e-01
4.233483198274706538e+00 -1.357465342470086433e+00 9.227098237995861041e+00 -1.250128381108417175e+00 2.079165280372320623e+01 -2.356350106956957013e-01
4.865281474496844005e+00 -3.502401996410715590e-01 5.361563261945626380e+00 3.721779797446926885e-01 1.816065120131518285e+01 6.268042037635370711e-01
3.823501325751234692e+00 -1.733750409990828523e-01 5.592200678140370584e+00 5.325444653554769481e-01 1.541499498863017337e+01 -9.990063693711365156e-01
3.786697861099591389e+00 -1.115574271189485600e-01 4.940852282825312969e+00 6.277495918132069974e-01 1.558051945408405459e+01 -9.512700097785065090e-01
1.495548845913039315e+01 3.838199145396701262e-01 1.475171504822688462e+01 3.104291706821884489e-01 1.803226849142986765e+01 -1.212067918434195812e+00
1.168588482805439810e+01 8.858269994404484038e-01 9.563116809810429331e+00 -7.192419502427251921e-01 1.162621684879497330e+01 2.244509652061810190e-01
1.168588482805439810e+01 8.858269994404484038e-01 9.563116809810429331e+00 -7.192419502427251921e-01 1.162621684879497330e+01 1.974273645806590149e-01
5.032281005379452665e+00 -3.786448836151348196e-01 5.034762450323944982e+00 4.559691554515599154e-01 2.099271175089720742e+01 1.031492716321795733e-01
4.278369808367606275e+00 -3.006381561166537875e-01 5.005200546027460007e+00 5.159031692912283695e-01 1.931672713587377999e+01 9.913837510747658399e-02
4.161665476996906143e+00 -3.058879353147943014e-01 5.063932820266794366e+00 5.181046503750592613e-01 1.890531210657267991e+01 3.832318407043904251e-01
4.169470000897828044e+00 -1.297207931503348455e+00 7.110960627805718914e+00 -6.965256636898216058e-01 2.045698028176422056e+01 2.570886701161896326e-01
4.302459033260857879e+00 -3.076942474533070904e-01 5.060156665538391607e+00 6.385822573831485549e-01 1.212562273000826707e+01 -9.529703734741670207e-01
1.202473439028164393e+01 8.028755407612209183e-01 9.878368750830523126e+00 -5.956665087975486772e-01 1.240940805430883387e+01 1.458569386694072989e-01
4.301795823285054610e+00 -3.030246807274012966e-01 5.060200753655402117e+00 5.453884197330256534e-01 1.315597827359353644e+01 -9.529703734741670207e-01
4.294384692663735237e+00 -2.735155552095398512e-01 4.301861009970211924e+00 5.884479025515618744e-01 1.141130070098751759e+01 -8.641586618360205252e-01
3.700514930508674638e+00 -3.627784492804830840e-01 4.968656259759224980e+00 7.315472843198485009e-01 1.588737579632698882e+01 -9.580096584760394718e-01
4.819448818330963391e+00 -3.976442285058237047e-01 5.202729021177085578e+00 5.159031692912283695e-01 1.883012728695971916e+01 9.913837510747658399e-02
4.394539500166528612e+00 -2.969948791727727855e-01 4.949002082749212050e+00 7.319719270978404246e-01 1.464119782933356717e+01 -9.486476371080877490e-01
3.999470468981716653e+00 -3.807811187645040452e-01 4.928837323976118512e+00 5.873004200382307971e-01 1.319326144075551355e+01 -9.592260704711926822e-01
4.293884126657109945e+00 -1.376341476173156941e+00 7.333768609030057561e+00 -9.371590644234297773e-01 2.057265458528957325e+01 1.697017841314638620e-01
3.881583579313543808e+00 -1.471939950004682585e+00 9.900366771045058911e+00 -1.070955930415234292e+00 2.020876230471500534e+01 -2.386707794224804946e-01
4.286202257122710080e+00 -2.810675455924431798e-01 5.142224710446830827e+00 6.164957709611207370e-01 1.590438595619398754e+01 -9.567602797887407862e-01
4.808772493362786449e+00 -3.976442285058237047e-01 5.202729021177085578e+00 5.159031692912283695e-01 1.883012728695971916e+01 -2.035744904125316168e-01
3.813026088653720613e+00 -2.632509255946067217e-01 5.793901725307740946e+00 7.499468777175932743e-01 1.464119782933356717e+01 -9.208698437046757279e-01
1.165679614858747470e+01 8.358728966750357259e-01 9.325274064293523679e+00 -7.807902972205730263e-01 1.224238318957170790e+01 4.548300185442488708e-01
