4.854301071166992188e+01 4.758353805541992188e+01 4.286738586425781250e+01
6.067062377929687500e+01 3.272628402709960938e+01 2.601237487792968750e+01
4.891429519653320312e+01 4.953509140014648438e+01 3.806837081909179688e+01
6.004099655151367188e+01 3.378940200805664062e+01 2.586965179443359375e+01
5.951045989990234375e+01 3.200426101684570312e+01 2.674343490600585938e+01
4.837232589721679688e+01 4.824987030029296875e+01 4.084420013427734375e+01
5.439893341064453125e+01 3.947012329101562500e+01 3.423599624633789062e+01
5.567320251464843750e+01 3.787293243408203125e+01 3.207626342773437500e+01
5.190225601196289062e+01 4.496125793457031250e+01 3.361714553833007812e+01
5.392956161499023438e+01 4.020907211303710938e+01 3.514732360839843750e+01
5.907851409912109375e+01 3.247932434082031250e+01 2.624410820007324219e+01
5.593662643432617188e+01 3.725653457641601562e+01 3.111417579650878906e+01
5.597759246826171875e+01 3.735972213745117188e+01 3.069271469116210938e+01
5.621968460083007812e+01 3.694707870483398438e+01 2.998088455200195312e+01
4.910911178588867188e+01 4.687915420532226562e+01 3.928599166870117188e+01
5.629704666137695312e+01 3.660007095336914062e+01 2.961656188964843750e+01
5.235575866699218750e+01 4.036455535888671875e+01 3.615570068359375000e+01
4.972072601318359375e+01 4.335534667968750000e+01 3.666831588745117188e+01
5.814423751831054688e+01 3.258330535888671875e+01 2.635191345214843750e+01
5.871150588989257812e+01 3.282221603393554688e+01 2.622787284851074219e+01
5.658861160278320312e+01 3.566780090332031250e+01 2.825758743286132812e+01
5.419037246704101562e+01 4.028952407836914062e+01 3.420558929443359375e+01
5.561737442016601562e+01 3.820632934570312500e+01 3.169585227966308594e+01
5.849322509765625000e+01 3.293664169311523438e+01 2.608119583129882812e+01
5.345555496215820312e+01 4.254053115844726562e+01 3.472501754760742188e+01
4.876861190795898438e+01 4.720845794677734375e+01 4.176489257812500000e+01
5.608547592163085938e+01 3.681551742553710938e+01 3.028635406494140625e+01
4.851791763305664062e+01 4.916390609741210938e+01 3.964517974853515625e+01
4.984354400634765625e+01 4.522079467773437500e+01 3.246732330322265625e+01
5.681206893920898438e+01 3.518532562255859375e+01 2.786401939392089844e+01
5.787112426757812500e+01 3.491051483154296875e+01 2.659670639038085938e+01
4.947947692871093750e+01 4.401348876953125000e+01 3.741275024414062500e+01
4.857371902465820312e+01 4.871998596191406250e+01 3.889473342895507812e+01
5.716200256347656250e+01 3.413520050048828125e+01 2.678186988830566406e+01
4.883716201782226562e+01 4.668695068359375000e+01 4.281308364868164062e+01
5.519834136962890625e+01 3.837142562866210938e+01 3.273421096801757812e+01
5.566669464111328125e+01 3.804810714721679688e+01 3.147690963745117188e+01
5.021236038208007812e+01 4.211721801757812500e+01 3.758852767944335938e+01
5.009823226928710938e+01 4.427191543579101562e+01 3.633967208862304688e+01
4.943981170654296875e+01 4.353312301635742188e+01 3.782410812377929688e+01
4.857074737548828125e+01 4.713752365112304688e+01 4.244337463378906250e+01
5.458657455444335938e+01 3.925524139404296875e+01 3.378064727783203125e+01
4.894546508789062500e+01 4.577775192260742188e+01 4.123236083984375000e+01
4.934148788452148438e+01 4.649642562866210938e+01 3.849430084228515625e+01
4.943736648559570312e+01 4.377928924560546875e+01 3.872275543212890625e+01
5.399234771728515625e+01 4.041997146606445312e+01 3.440577316284179688e+01
4.995497512817382812e+01 4.433093261718750000e+01 3.643612289428710938e+01
5.531108474731445312e+01 3.817000961303710938e+01 3.219127655029296875e+01
4.947315979003906250e+01 4.882492828369140625e+01 3.722698593139648438e+01
5.691939544677734375e+01 3.547141265869140625e+01 2.776096916198730469e+01
5.794521331787109375e+01 3.335047531127929688e+01 2.644836425781250000e+01
5.604631042480468750e+01 3.715047073364257812e+01 3.051980972290039062e+01
6.036965942382812500e+01 3.347158813476562500e+01 2.593871116638183594e+01
4.855726242065429688e+01 4.790728759765625000e+01 4.005547332763671875e+01
4.902849960327148438e+01 4.604553222656250000e+01 4.009515762329101562e+01
5.741530990600585938e+01 3.370346450805664062e+01 2.749162292480468750e+01
4.857590866088867188e+01 4.698960113525390625e+01 4.208319854736328125e+01
4.919128417968750000e+01 4.491484832763671875e+01 4.061538696289062500e+01
4.839381790161132812e+01 4.838454818725585938e+01 4.029576492309570312e+01
5.158152008056640625e+01 4.095047760009765625e+01 3.585070037841796875e+01
6.026277542114257812e+01 3.318806076049804688e+01 2.595251464843750000e+01
5.254720306396484375e+01 4.069328689575195312e+01 3.569878005981445312e+01
5.769813156127929688e+01 3.306085968017578125e+01 2.705121040344238281e+01
5.634423828125000000e+01 3.641408157348632812e+01 2.927930641174316406e+01
5.327162933349609375e+01 4.225079345703125000e+01 3.479556274414062500e+01
4.977386093139648438e+01 4.502762985229492188e+01 3.279602813720703125e+01
5.126238632202148438e+01 4.141010665893554688e+01 3.537992477416992188e+01
4.920038223266601562e+01 4.450296783447265625e+01 3.982566452026367188e+01
4.865314483642578125e+01 4.746741104125976562e+01 4.021977233886718750e+01
5.477945709228515625e+01 3.904807281494140625e+01 3.345146560668945312e+01
5.500361633300781250e+01 3.886630249023437500e+01 3.309088897705078125e+01
5.314821624755859375e+01 4.189257812500000000e+01 3.490880203247070312e+01
5.941553878784179688e+01 3.211589431762695312e+01 2.678866958618164062e+01
5.647553634643554688e+01 3.609289169311523438e+01 2.904611968994140625e+01
5.491622924804687500e+01 3.882543563842773438e+01 3.310123062133789062e+01
4.854527282714843750e+01 4.813964080810546875e+01 4.096714019775390625e+01
5.094917297363281250e+01 4.104484939575195312e+01 3.611698150634765625e+01
5.693871307373046875e+01 3.476117324829101562e+01 2.794563484191894531e+01
4.896670913696289062e+01 4.545352172851562500e+01 4.140129470825195312e+01
5.299092483520507812e+01 4.275472640991210938e+01 3.518705749511718750e+01
4.960569000244140625e+01 4.310044860839843750e+01 3.701608276367187500e+01
5.710360717773437500e+01 3.450373840332031250e+01 2.755122566223144531e+01
5.649135589599609375e+01 3.620762634277343750e+01 2.873198318481445312e+01
5.730363464355468750e+01 3.365203475952148438e+01 2.751075172424316406e+01
5.459305572509765625e+01 3.924750137329101562e+01 3.376904296875000000e+01
5.043116760253906250e+01 4.167627716064453125e+01 3.579625701904296875e+01
4.927442550659179688e+01 4.637438583374023438e+01 3.857059097290039062e+01
5.061100387573242188e+01 4.129258728027343750e+01 3.599689102172851562e+01
5.372233581542968750e+01 4.118527603149414062e+01 3.456855773925781250e+01
4.918785476684570312e+01 4.717208862304687500e+01 3.812169647216796875e+01
5.699588394165039062e+01 3.451406860351562500e+01 2.698573303222656250e+01
5.038586807250976562e+01 4.149289703369140625e+01 3.598194122314453125e+01
5.509283065795898438e+01 3.863661575317382812e+01 3.329911041259765625e+01
4.848828887939453125e+01 4.819980239868164062e+01 4.198291015625000000e+01
5.160807418823242188e+01 4.085279464721679688e+01 3.562566757202148438e+01
5.527076721191406250e+01 3.822878646850585938e+01 3.233864974975585938e+01
5.326357269287109375e+01 4.293582534790039062e+01 3.490781784057617188e+01
4.930717086791992188e+01 4.456431198120117188e+01 3.854944229125976562e+01
5.770309829711914062e+01 3.306462478637695312e+01 2.692222785949707031e+01
4.892307662963867188e+01 4.930979919433593750e+01 3.858572769165039062e+01
