5.969045639038085938e+01 3.199010848999023438e+01 2.682213401794433594e+01
6.305179214477539062e+01 4.397991180419921875e+01 2.542532730102539062e+01
4.875376892089843750e+01 4.460241699218750000e+01 3.466852188110351562e+01
5.998882675170898438e+01 4.434816741943359375e+01 2.433226776123046875e+01
5.005517578125000000e+01 4.324818420410156250e+01 3.876831436157226562e+01
5.316020965576171875e+01 4.554357910156250000e+01 3.206438446044921875e+01
5.945578384399414062e+01 3.208316802978515625e+01 2.716092681884765625e+01
5.202464675903320312e+01 4.123912811279296875e+01 3.547004699707031250e+01
5.413199996948242188e+01 4.003488540649414062e+01 3.668901062011718750e+01
6.245683670043945312e+01 4.392145919799804688e+01 2.552830696105957031e+01
5.029145812988281250e+01 4.288212203979492188e+01 3.821105194091796875e+01
6.114250183105468750e+01 4.422374725341796875e+01 2.454120254516601562e+01
5.771664428710937500e+01 3.683219909667968750e+01 3.413283538818359375e+01
5.126514053344726562e+01 4.531217956542968750e+01 3.220980453491210938e+01
5.805823516845703125e+01 3.336893844604492188e+01 2.830803489685058594e+01
5.620615768432617188e+01 4.485786056518554688e+01 2.946204185485839844e+01
5.758399200439453125e+01 3.707939147949218750e+01 3.401811981201171875e+01
6.143612289428710938e+01 4.414323425292968750e+01 2.476876831054687500e+01
5.145377349853515625e+01 4.207099914550781250e+01 3.531832122802734375e+01
5.726990509033203125e+01 3.749723052978515625e+01 3.394523620605468750e+01
5.840685653686523438e+01 3.320880126953125000e+01 2.691665649414062500e+01
5.625042343139648438e+01 4.393275451660156250e+01 3.113964271545410156e+01
4.985438537597656250e+01 4.333279800415039062e+01 3.852741622924804688e+01
5.510669708251953125e+01 3.956209182739257812e+01 3.589892578125000000e+01
4.907857513427734375e+01 4.451856231689453125e+01 3.363313293457031250e+01
5.065716552734375000e+01 4.279510498046875000e+01 3.841157913208007812e+01
5.782711029052734375e+01 3.501553344726562500e+01 2.754708671569824219e+01
5.525593566894531250e+01 4.440715026855468750e+01 3.066981124877929688e+01
5.111394500732421875e+01 4.159760284423828125e+01 3.706013870239257812e+01
5.278918075561523438e+01 4.086963272094726562e+01 3.546596908569335938e+01
6.286473464965820312e+01 4.384672546386718750e+01 2.598105430603027344e+01
4.921567916870117188e+01 4.499237442016601562e+01 3.313065338134765625e+01
5.703021240234375000e+01 3.778237152099609375e+01 3.428900146484375000e+01
5.908277511596679688e+01 3.281660461425781250e+01 2.616057586669921875e+01
5.365056610107421875e+01 4.038447570800781250e+01 3.752260971069335938e+01
5.477942276000976562e+01 3.959124755859375000e+01 3.634177017211914062e+01
5.681067657470703125e+01 4.406947326660156250e+01 2.997511482238769531e+01
5.556074142456054688e+01 4.443242645263671875e+01 3.020273017883300781e+01
5.615709686279296875e+01 4.371083450317382812e+01 3.167990875244140625e+01
5.173392105102539062e+01 4.094570541381835938e+01 3.559547042846679688e+01
5.395360565185546875e+01 4.057016754150390625e+01 3.653767395019531250e+01
5.247259902954101562e+01 4.234227371215820312e+01 3.521631622314453125e+01
5.011807632446289062e+01 4.487939071655273438e+01 3.262067031860351562e+01
5.155391693115234375e+01 4.110922241210937500e+01 3.566648864746093750e+01
5.548014450073242188e+01 3.919658279418945312e+01 3.611368560791015625e+01
6.213757324218750000e+01 4.387407684326171875e+01 2.580340766906738281e+01
5.330514907836914062e+01 4.146074676513671875e+01 3.512252044677734375e+01
5.083752059936523438e+01 4.305049133300781250e+01 3.789502716064453125e+01
5.781240844726562500e+01 3.588229370117187500e+01 2.653009223937988281e+01
5.440356445312500000e+01 3.989059829711914062e+01 3.644525527954101562e+01
5.053949356079101562e+01 4.355896377563476562e+01 3.765025711059570312e+01
5.773450088500976562e+01 3.627017974853515625e+01 2.663757514953613281e+01
6.180652236938476562e+01 4.404597091674804688e+01 2.502297210693359375e+01
5.740539550781250000e+01 3.736231994628906250e+01 3.409819793701171875e+01
5.238547897338867188e+01 4.162770462036132812e+01 3.536166763305664062e+01
5.743275833129882812e+01 3.833559417724609375e+01 3.350239562988281250e+01
5.775426483154296875e+01 3.561531066894531250e+01 2.661730384826660156e+01
5.783145523071289062e+01 3.465706253051757812e+01 2.857285118103027344e+01
5.691482162475585938e+01 4.470418167114257812e+01 2.867452621459960938e+01
5.714075088500976562e+01 4.407050323486328125e+01 2.901662445068359375e+01
5.167000961303710938e+01 4.062223815917968750e+01 3.599166107177734375e+01
5.536653518676757812e+01 4.440135955810546875e+01 3.048947143554687500e+01
5.528792190551757812e+01 4.421161651611328125e+01 3.140430641174316406e+01
5.879706573486328125e+01 3.223149871826171875e+01 2.687261962890625000e+01
5.407557296752929688e+01 4.019148254394531250e+01 3.730189514160156250e+01
5.438622665405273438e+01 4.022052764892578125e+01 3.629741668701171875e+01
6.193697357177734375e+01 4.389094924926757812e+01 2.578053665161132812e+01
5.502561187744140625e+01 3.956970214843750000e+01 3.705194473266601562e+01
5.298828887939453125e+01 4.188958740234375000e+01 3.509951400756835938e+01
4.951037216186523438e+01 4.439970779418945312e+01 3.382312393188476562e+01
5.300781631469726562e+01 4.256178283691406250e+01 3.498051071166992188e+01
5.788710784912109375e+01 3.388379287719726562e+01 2.779013061523437500e+01
5.708526229858398438e+01 3.866626358032226562e+01 3.339322280883789062e+01
5.076392745971679688e+01 4.312730407714843750e+01 3.791384506225585938e+01
6.004374313354492188e+01 3.265833663940429688e+01 2.627357101440429688e+01
6.030730056762695312e+01 4.420800781250000000e+01 2.514109420776367188e+01
5.368014907836914062e+01 4.037388610839843750e+01 3.753816223144531250e+01
5.787931060791015625e+01 3.447918319702148438e+01 2.798281478881835938e+01
5.778748321533203125e+01 3.476137542724609375e+01 2.792927551269531250e+01
5.044773483276367188e+01 4.361592102050781250e+01 3.776486587524414062e+01
4.932519531250000000e+01 4.472316360473632812e+01 3.300740432739257812e+01
4.944098281860351562e+01 4.472019577026367188e+01 3.290600585937500000e+01
5.580352401733398438e+01 4.018167495727539062e+01 3.491403579711914062e+01
5.667164230346679688e+01 3.835164642333984375e+01 3.461420440673828125e+01
5.564665985107421875e+01 3.916790771484375000e+01 3.634039306640625000e+01
5.600800323486328125e+01 4.366002273559570312e+01 3.243153762817382812e+01
5.909039306640625000e+01 3.281147384643554688e+01 2.614818954467773438e+01
4.977042388916015625e+01 4.513465118408203125e+01 3.236288070678710938e+01
5.861575317382812500e+01 3.270844650268554688e+01 2.641088867187500000e+01
6.010380172729492188e+01 3.239082336425781250e+01 2.603898811340332031e+01
5.778250885009765625e+01 3.621250915527343750e+01 2.658926391601562500e+01
5.631663513183593750e+01 3.880503845214843750e+01 3.436112976074218750e+01
5.820229339599609375e+01 3.432863998413085938e+01 2.645482254028320312e+01
5.853601837158203125e+01 3.373366165161132812e+01 2.609173583984375000e+01
5.684215927124023438e+01 4.400788116455078125e+01 2.923218727111816406e+01
6.077422714233398438e+01 4.411070251464843750e+01 2.494951629638671875e+01
5.802227401733398438e+01 3.417677307128906250e+01 2.689107322692871094e+01
5.770509719848632812e+01 3.796458816528320312e+01 3.201541900634765625e+01
5.794164657592773438e+01 3.529768753051757812e+01 2.672152519226074219e+01
4.883634185791015625e+01 4.467470169067382812e+01 3.431340789794921875e+01
