5.958214950561523438e+01 3.204129409790039062e+01 2.681817436218261719e+01
6.008364486694335938e+01 3.378436279296875000e+01 2.588918304443359375e+01
4.865106582641601562e+01 4.827354049682617188e+01 4.045523071289062500e+01
4.981264495849609375e+01 4.968397140502929688e+01 3.642053985595703125e+01
5.995737075805664062e+01 3.394723129272460938e+01 2.586951255798339844e+01
4.879684066772460938e+01 4.804547119140625000e+01 4.210377502441406250e+01
5.791106796264648438e+01 3.460067367553710938e+01 2.675320243835449219e+01
5.717726898193359375e+01 3.601436996459960938e+01 2.910613250732421875e+01
5.225085067749023438e+01 4.072817611694335938e+01 3.590628814697265625e+01
5.002281188964843750e+01 4.882175445556640625e+01 3.720262527465820312e+01
5.819910430908203125e+01 3.285582733154296875e+01 2.622322463989257812e+01
4.894549560546875000e+01 4.648433685302734375e+01 4.140526199340820312e+01
5.435690307617187500e+01 4.054093933105468750e+01 3.469604492187500000e+01
5.193029403686523438e+01 4.354479598999023438e+01 3.510696792602539062e+01
4.930521774291992188e+01 4.554952239990234375e+01 4.008144760131835938e+01
5.832786178588867188e+01 3.264983749389648438e+01 2.733399009704589844e+01
5.626457214355468750e+01 3.850432586669921875e+01 3.214920425415039062e+01
5.340546798706054688e+01 4.208307266235351562e+01 3.504708480834960938e+01
5.727204895019531250e+01 3.489510345458984375e+01 2.699375343322753906e+01
5.404448318481445312e+01 4.125507354736328125e+01 3.477219009399414062e+01
5.519650268554687500e+01 3.971740341186523438e+01 3.420576095581054688e+01
5.611898803710937500e+01 3.851556777954101562e+01 3.262554168701171875e+01
4.906773757934570312e+01 4.604648590087890625e+01 4.073624420166015625e+01
4.916323471069335938e+01 4.750859832763671875e+01 3.831571197509765625e+01
5.359587478637695312e+01 4.110382843017578125e+01 3.559283447265625000e+01
5.653803253173828125e+01 3.784514617919921875e+01 3.182539558410644531e+01
5.299262237548828125e+01 4.168621444702148438e+01 3.523640441894531250e+01
4.890850448608398438e+01 4.663415908813476562e+01 3.971593093872070312e+01
5.662132263183593750e+01 3.769618988037109375e+01 3.142877769470214844e+01
5.724021148681640625e+01 3.768984985351562500e+01 2.841345977783203125e+01
5.891459274291992188e+01 3.271856689453125000e+01 2.603459739685058594e+01
4.951803588867187500e+01 4.529493713378906250e+01 3.898861312866210938e+01
5.032151031494140625e+01 4.212474060058593750e+01 3.662072372436523438e+01
5.531700515747070312e+01 3.976489639282226562e+01 3.356317901611328125e+01
5.985461044311523438e+01 3.340417480468750000e+01 2.589887619018554688e+01
5.580435180664062500e+01 3.895787811279296875e+01 3.324500274658203125e+01
5.261190795898437500e+01 4.077286529541015625e+01 3.586998367309570312e+01
5.386639404296875000e+01 4.136479568481445312e+01 3.489440155029296875e+01
5.673456573486328125e+01 3.736151123046875000e+01 3.113239860534667969e+01
5.276381301879882812e+01 4.138686752319335938e+01 3.523641204833984375e+01
5.492742156982421875e+01 3.992498016357421875e+01 3.404142761230468750e+01
5.642575836181640625e+01 3.822721099853515625e+01 3.202168273925781250e+01
5.711264038085937500e+01 3.634246826171875000e+01 2.932491683959960938e+01
4.963102722167968750e+01 4.496843338012695312e+01 3.875392913818359375e+01
5.600719070434570312e+01 3.867549133300781250e+01 3.285354232788085938e+01
5.289381790161132812e+01 4.262668228149414062e+01 3.500033569335937500e+01
5.088609313964843750e+01 4.174983596801757812e+01 3.697851181030273438e+01
5.725437164306640625e+01 3.691926193237304688e+01 2.787907600402832031e+01
4.920427322387695312e+01 4.951350784301757812e+01 3.790428543090820312e+01
5.725333404541015625e+01 3.546851348876953125e+01 2.871698570251464844e+01
5.696738815307617188e+01 3.677338790893554688e+01 3.044716644287109375e+01
5.144187927246093750e+01 4.353246307373046875e+01 3.523629379272460938e+01
5.747394561767578125e+01 3.425335311889648438e+01 2.677373123168945312e+01
4.936073684692382812e+01 4.586918640136718750e+01 3.949822235107421875e+01
5.681865692138671875e+01 3.710935974121093750e+01 3.069987678527832031e+01
5.075988388061523438e+01 4.334099960327148438e+01 3.551490020751953125e+01
5.565911102294921875e+01 3.925665283203125000e+01 3.379529571533203125e+01
5.176155471801757812e+01 4.192165374755859375e+01 3.571733093261718750e+01
5.879659652709960938e+01 3.223743438720703125e+01 2.712123870849609375e+01
5.700086593627929688e+01 3.664657592773437500e+01 3.025392723083496094e+01
4.869482421875000000e+01 4.864822387695312500e+01 4.042904663085937500e+01
4.977181625366210938e+01 4.734202575683593750e+01 3.773499679565429688e+01
5.725371551513671875e+01 3.546473312377929688e+01 2.871425819396972656e+01
5.709049606323242188e+01 3.704910278320312500e+01 2.973065567016601562e+01
4.902179336547851562e+01 4.644818115234375000e+01 4.181463623046875000e+01
5.551425933837890625e+01 4.020709228515625000e+01 3.324639129638671875e+01
4.996918106079101562e+01 4.413068771362304688e+01 3.822157669067382812e+01
4.976830291748046875e+01 4.498667526245117188e+01 3.800304412841796875e+01
5.457555770874023438e+01 4.100409317016601562e+01 3.431814575195312500e+01
5.696776199340820312e+01 3.730603027343750000e+01 2.997062492370605469e+01
5.008232116699218750e+01 4.314624404907226562e+01 3.685847854614257812e+01
5.568201065063476562e+01 4.008539581298828125e+01 3.321659088134765625e+01
5.922904968261718750e+01 3.282455825805664062e+01 2.597074127197265625e+01
4.940781021118164062e+01 4.743381881713867188e+01 3.748324584960937500e+01
5.538899993896484375e+01 3.943622589111328125e+01 3.399001312255859375e+01
5.717658615112304688e+01 3.776673507690429688e+01 2.798320770263671875e+01
5.850686645507812500e+01 3.234815216064453125e+01 2.663866043090820312e+01
5.064097595214843750e+01 4.303170394897460938e+01 3.624665832519531250e+01
5.971511077880859375e+01 3.252079010009765625e+01 2.630160903930664062e+01
4.982269287109375000e+01 4.452268981933593750e+01 3.922512054443359375e+01
4.985957717895507812e+01 4.440453338623046875e+01 3.892789077758789062e+01
4.924464797973632812e+01 4.704827117919921875e+01 3.829524612426757812e+01
5.112000656127929688e+01 4.182664489746093750e+01 3.578300857543945312e+01
4.948905563354492188e+01 4.576814270019531250e+01 3.922828674316406250e+01
5.157747650146484375e+01 4.241881179809570312e+01 3.514767074584960938e+01
5.709250640869140625e+01 3.655725479125976562e+01 2.944406509399414062e+01
5.635374069213867188e+01 3.799956130981445312e+01 3.206608200073242188e+01
4.881952667236328125e+01 4.824898910522460938e+01 4.031221389770507812e+01
5.000933074951171875e+01 4.398704528808593750e+01 3.822275924682617188e+01
5.866989898681640625e+01 3.228861618041992188e+01 2.728830909729003906e+01
5.474710845947265625e+01 4.035413360595703125e+01 3.459588623046875000e+01
5.464792633056640625e+01 4.069485092163085938e+01 3.445605087280273438e+01
5.600916671752929688e+01 3.870221328735351562e+01 3.273845291137695312e+01
5.931745529174804688e+01 3.352632141113281250e+01 2.593989753723144531e+01
4.908684921264648438e+01 4.680136871337890625e+01 3.881516647338867188e+01
5.851561355590820312e+01 3.231648635864257812e+01 2.645159530639648438e+01
5.736875915527343750e+01 3.427146530151367188e+01 2.686561584472656250e+01
5.013578796386718750e+01 4.337672424316406250e+01 3.650703811645507812e+01
4.911610031127929688e+01 4.604767608642578125e+01 4.053870010375976562e+01
5.678295898437500000e+01 3.748112869262695312e+01 3.083275222778320312e+01
