4.847600173950195312e+01 4.432289886474609375e+01 3.552038192749023438e+01
5.449838256835937500e+01 4.005013275146484375e+01 3.819151306152343750e+01
5.716110992431640625e+01 4.703924179077148438e+01 2.684669876098632812e+01
5.908395767211914062e+01 3.208391189575195312e+01 2.702273559570312500e+01
5.997873306274414062e+01 4.538043594360351562e+01 2.587021255493164062e+01
6.075806045532226562e+01 4.521039962768554688e+01 2.600280189514160156e+01
5.077439117431640625e+01 4.262794113159179688e+01 3.784421539306640625e+01
5.423699569702148438e+01 4.024107742309570312e+01 3.807243728637695312e+01
4.880471420288085938e+01 4.318762969970703125e+01 3.616689682006835938e+01
5.701259994506835938e+01 4.424377822875976562e+01 2.963375663757324219e+01
5.369297790527343750e+01 4.096162796020507812e+01 3.496759414672851562e+01
6.045055770874023438e+01 4.510504150390625000e+01 2.607522010803222656e+01
5.320605468750000000e+01 4.036541366577148438e+01 3.535711288452148438e+01
4.905566787719726562e+01 4.342558670043945312e+01 3.468003463745117188e+01
5.614843368530273438e+01 3.870047378540039062e+01 3.699971008300781250e+01
5.859393310546875000e+01 3.235043716430664062e+01 2.802326774597167969e+01
5.701081085205078125e+01 4.420329666137695312e+01 3.047733879089355469e+01
4.936215209960937500e+01 4.443303298950195312e+01 3.271688079833984375e+01
5.695146560668945312e+01 4.430626678466796875e+01 3.141575431823730469e+01
5.823455047607421875e+01 3.474654769897460938e+01 2.664146804809570312e+01
5.702766418457031250e+01 4.415051269531250000e+01 2.912377738952636719e+01
4.867410278320312500e+01 4.550514602661132812e+01 3.412301254272460938e+01
4.913283157348632812e+01 4.399402999877929688e+01 3.345245742797851562e+01
5.744353866577148438e+01 3.502814483642578125e+01 2.709908485412597656e+01
5.017723083496093750e+01 4.375214767456054688e+01 3.368104934692382812e+01
5.841065216064453125e+01 3.246313476562500000e+01 2.825046730041503906e+01
5.722128677368164062e+01 3.535026550292968750e+01 2.727357482910156250e+01
5.850608062744140625e+01 3.251094818115234375e+01 2.785814476013183594e+01
4.946308517456054688e+01 4.381737899780273438e+01 3.327323913574218750e+01
5.703757476806640625e+01 4.467266464233398438e+01 2.874318885803222656e+01
4.907920074462890625e+01 4.469839477539062500e+01 3.309763336181640625e+01
5.105960845947265625e+01 4.231375122070312500e+01 3.632010650634765625e+01
5.970880126953125000e+01 4.504040145874023438e+01 2.618424415588378906e+01
5.705928802490234375e+01 3.632196044921875000e+01 2.775482368469238281e+01
5.493702697753906250e+01 3.970469665527343750e+01 3.763235092163085938e+01
5.698191452026367188e+01 4.415462112426757812e+01 3.106125450134277344e+01
5.705016326904296875e+01 4.399800109863281250e+01 3.076338577270507812e+01
5.566216659545898438e+01 4.186184310913085938e+01 3.485230255126953125e+01
5.473233795166015625e+01 3.988304519653320312e+01 3.775730895996093750e+01
5.945194625854492188e+01 3.292736053466796875e+01 2.648291397094726562e+01
5.035470199584960938e+01 4.526107788085937500e+01 3.208816909790039062e+01
5.520222854614257812e+01 4.008026123046875000e+01 3.744131088256835938e+01
5.002509689331054688e+01 4.575377655029296875e+01 3.203070831298828125e+01
5.265647888183593750e+01 4.545267105102539062e+01 3.180579376220703125e+01
5.300382614135742188e+01 4.146819686889648438e+01 3.496742248535156250e+01
5.684697723388671875e+01 3.801166534423828125e+01 3.599150085449218750e+01
4.938673782348632812e+01 4.592711257934570312e+01 3.253521347045898438e+01
5.204725265502929688e+01 4.178308105468750000e+01 3.517225646972656250e+01
5.713595581054687500e+01 3.752159500122070312e+01 2.728948974609375000e+01
5.779691314697265625e+01 3.341988754272460938e+01 2.684464454650878906e+01
5.351063156127929688e+01 4.145695114135742188e+01 3.493086242675781250e+01
5.587882232666015625e+01 3.920508193969726562e+01 3.688893508911132812e+01
5.783779144287109375e+01 4.664100646972656250e+01 2.634376525878906250e+01
5.275645446777343750e+01 4.531065368652343750e+01 3.181666755676269531e+01
4.965740203857421875e+01 4.449571609497070312e+01 3.248455047607421875e+01
5.701356506347656250e+01 4.440153503417968750e+01 2.947822761535644531e+01
4.889145660400390625e+01 4.368484878540039062e+01 3.437905502319335938e+01
5.706716537475585938e+01 3.584629440307617188e+01 2.762755012512207031e+01
5.793923950195312500e+01 3.283843231201171875e+01 2.717893600463867188e+01
5.245721817016601562e+01 4.165638351440429688e+01 3.519822311401367188e+01
5.883645248413085938e+01 3.489595413208007812e+01 2.652429389953613281e+01
5.627070617675781250e+01 4.202119064331054688e+01 3.484366226196289062e+01
5.123399734497070312e+01 4.203594207763671875e+01 3.588140487670898438e+01
5.256602478027343750e+01 4.108239746093750000e+01 3.507066345214843750e+01
5.726496505737304688e+01 4.642221832275390625e+01 2.681958580017089844e+01
5.135930633544921875e+01 4.052387237548828125e+01 3.576360321044921875e+01
4.945682144165039062e+01 4.354231262207031250e+01 3.394244384765625000e+01
5.154390716552734375e+01 4.082440185546875000e+01 3.558758926391601562e+01
5.871321868896484375e+01 3.678693008422851562e+01 2.660216331481933594e+01
5.589727020263671875e+01 3.904572677612304688e+01 3.687720108032226562e+01
5.721360778808593750e+01 3.422571182250976562e+01 2.761469268798828125e+01
5.219767379760742188e+01 4.554304122924804688e+01 3.181382369995117188e+01
5.688793563842773438e+01 3.798230743408203125e+01 3.595726013183593750e+01
5.541947555541992188e+01 3.940986633300781250e+01 3.722329711914062500e+01
5.649694442749023438e+01 3.836689758300781250e+01 3.652869415283203125e+01
5.096762466430664062e+01 4.128698348999023438e+01 3.671702194213867188e+01
5.957110595703125000e+01 3.675177001953125000e+01 2.643686866760253906e+01
5.712008285522460938e+01 3.585570144653320312e+01 2.746494102478027344e+01
5.768125152587890625e+01 4.693611907958984375e+01 2.636933517456054688e+01
5.943026351928710938e+01 3.482993698120117188e+01 2.643809127807617188e+01
4.970290756225585938e+01 4.369697189331054688e+01 3.383006286621093750e+01
5.478669357299804688e+01 4.016129302978515625e+01 3.756039810180664062e+01
5.103342056274414062e+01 4.241149520874023438e+01 3.639957427978515625e+01
4.986964035034179688e+01 4.530953979492187500e+01 3.235373687744140625e+01
5.966274642944335938e+01 3.645495986938476562e+01 2.636305236816406250e+01
5.674723052978515625e+01 3.834349822998046875e+01 3.649604797363281250e+01
5.671096420288085938e+01 3.847252273559570312e+01 3.571428680419921875e+01
5.092942047119140625e+01 4.129437255859375000e+01 3.680523300170898438e+01
5.588107681274414062e+01 3.894314575195312500e+01 3.706080245971679688e+01
4.995611190795898438e+01 4.512920761108398438e+01 3.225324630737304688e+01
5.996740722656250000e+01 4.538164138793945312e+01 2.587329483032226562e+01
5.124325180053710938e+01 4.072061157226562500e+01 3.593481826782226562e+01
5.812070465087890625e+01 3.378580856323242188e+01 2.670228385925292969e+01
5.136919784545898438e+01 4.142690277099609375e+01 3.560575866699218750e+01
5.760847091674804688e+01 3.724431610107421875e+01 2.673170280456542969e+01
5.643529510498046875e+01 3.847367858886718750e+01 3.650666427612304688e+01
5.791511535644531250e+01 4.567971038818359375e+01 2.626992416381835938e+01
5.756295013427734375e+01 4.622853851318359375e+01 2.672634506225585938e+01
5.178379440307617188e+01 4.170652008056640625e+01 3.519190597534179688e+01
4.883168411254882812e+01 4.510974884033203125e+01 3.438317108154296875e+01
