4.874359130859375000e+01 3.533976745605468750e+01 3.376097488403320312e+01
5.202558135986328125e+01 3.397198486328125000e+01 2.784187507629394531e+01
4.870066833496093750e+01 3.616677093505859375e+01 2.876416015625000000e+01
5.412483596801757812e+01 3.488516998291015625e+01 2.726248168945312500e+01
4.914999008178710938e+01 3.491376876831054688e+01 3.327725601196289062e+01
4.870118331909179688e+01 3.614435195922851562e+01 2.878322410583496094e+01
5.045216751098632812e+01 3.423044586181640625e+01 2.760663032531738281e+01
5.190762710571289062e+01 3.443593215942382812e+01 2.732620239257812500e+01
4.877356338500976562e+01 3.577943801879882812e+01 2.822107505798339844e+01
4.881661605834960938e+01 3.556637191772460938e+01 2.807384681701660156e+01
4.877005386352539062e+01 3.565837478637695312e+01 2.829460334777832031e+01
4.889703369140625000e+01 3.514312362670898438e+01 3.340592193603515625e+01
4.873030090332031250e+01 3.572552108764648438e+01 2.849169158935546875e+01
4.974824142456054688e+01 3.429834365844726562e+01 2.783330154418945312e+01
4.870968627929687500e+01 3.603062438964843750e+01 2.855074691772460938e+01
5.317459487915039062e+01 3.465922164916992188e+01 2.727850151062011719e+01
5.334424972534179688e+01 3.466603088378906250e+01 2.727472877502441406e+01
4.885746383666992188e+01 3.508017349243164062e+01 3.355788421630859375e+01
5.138613510131835938e+01 3.458447647094726562e+01 2.737022018432617188e+01
5.388161468505859375e+01 3.484253692626953125e+01 2.726294517517089844e+01
5.153636932373046875e+01 3.445191574096679688e+01 2.735904693603515625e+01
5.171414947509765625e+01 3.410448837280273438e+01 2.760074806213378906e+01
5.240829467773437500e+01 3.435464477539062500e+01 2.736663246154785156e+01
5.085235977172851562e+01 3.410962677001953125e+01 2.802346038818359375e+01
4.981722640991210938e+01 3.472382354736328125e+01 2.755052185058593750e+01
5.030561065673828125e+01 3.440975189208984375e+01 2.749374961853027344e+01
4.870450973510742188e+01 3.599422836303710938e+01 2.865761566162109375e+01
4.995087051391601562e+01 3.425925827026367188e+01 2.781068420410156250e+01
4.902832031250000000e+01 3.490730285644531250e+01 3.334717178344726562e+01
5.270574188232421875e+01 3.421278762817382812e+01 2.740738868713378906e+01
5.013698959350585938e+01 3.425889205932617188e+01 2.772622489929199219e+01
4.876714706420898438e+01 3.596269226074218750e+01 2.831171417236328125e+01
4.870889663696289062e+01 3.591957473754882812e+01 2.858623504638671875e+01
4.873576736450195312e+01 3.585360336303710938e+01 2.843841552734375000e+01
5.097748565673828125e+01 3.474700164794921875e+01 2.743402481079101562e+01
4.909241104125976562e+01 3.498238372802734375e+01 2.849751663208007812e+01
4.890749359130859375e+01 3.553451919555664062e+01 2.794888114929199219e+01
4.873940658569335938e+01 3.567247772216796875e+01 2.836045074462890625e+01
5.238547897338867188e+01 3.402530288696289062e+01 2.776065444946289062e+01
4.875446701049804688e+01 3.533086013793945312e+01 3.373204421997070312e+01
5.026871490478515625e+01 3.447153091430664062e+01 2.748333549499511719e+01
5.056008148193359375e+01 3.503096771240234375e+01 2.740653610229492188e+01
5.373733139038085938e+01 3.481732177734375000e+01 2.726373100280761719e+01
4.956300735473632812e+01 3.518176269531250000e+01 2.757626533508300781e+01
4.896452331542968750e+01 3.503916549682617188e+01 2.818940734863281250e+01
4.882053375244140625e+01 3.542415237426757812e+01 2.815245819091796875e+01
5.285084533691406250e+01 3.462551879882812500e+01 2.728277587890625000e+01
4.913227081298828125e+01 3.493347549438476562e+01 3.328248596191406250e+01
5.071315383911132812e+01 3.500554275512695312e+01 2.739399528503417969e+01
5.062862777709960938e+01 3.440602493286132812e+01 2.750448989868164062e+01
5.107051467895507812e+01 3.407639312744140625e+01 2.767071342468261719e+01
5.359471511840820312e+01 3.469781494140625000e+01 2.727260780334472656e+01
5.292709350585937500e+01 3.459163284301757812e+01 2.728671455383300781e+01
4.944001007080078125e+01 3.520897674560546875e+01 2.765907669067382812e+01
5.227222442626953125e+01 3.453612518310546875e+01 2.730862617492675781e+01
5.225394058227539062e+01 3.427539825439453125e+01 2.739192390441894531e+01
5.395228958129882812e+01 3.477208328247070312e+01 2.726760673522949219e+01
4.917573547363281250e+01 3.524442291259765625e+01 2.779915237426757812e+01
5.309290695190429688e+01 3.468223571777343750e+01 2.727549934387207031e+01
5.302583694458007812e+01 3.473921966552734375e+01 2.727573204040527344e+01
4.937543106079101562e+01 3.467301940917968750e+01 2.810282897949218750e+01
5.380942535400390625e+01 3.483147048950195312e+01 2.726320266723632812e+01
5.118840408325195312e+01 3.450779724121093750e+01 2.741204261779785156e+01
4.949333572387695312e+01 3.459864425659179688e+01 2.787116050720214844e+01
5.347005844116210938e+01 3.464975357055664062e+01 2.727439308166503906e+01
5.212365722656250000e+01 3.405947494506835938e+01 2.763732719421386719e+01
4.885221481323242188e+01 3.529315567016601562e+01 2.803854942321777344e+01
5.019099426269531250e+01 3.513481140136718750e+01 2.749011611938476562e+01
5.401594543457031250e+01 3.475083160400390625e+01 2.726816368103027344e+01
5.196957397460937500e+01 3.470551681518554688e+01 2.732213401794433594e+01
5.362781143188476562e+01 3.479344177246093750e+01 2.726789283752441406e+01
5.247056579589843750e+01 3.464131164550781250e+01 2.729898262023925781e+01
4.870508575439453125e+01 3.607810211181640625e+01 2.863713836669921875e+01
5.168127059936523438e+01 3.398796463012695312e+01 2.790106010437011719e+01
5.140305328369140625e+01 3.406454086303710938e+01 2.760089302062988281e+01
5.165447998046875000e+01 3.452012634277343750e+01 2.733570098876953125e+01
5.003238677978515625e+01 3.447114944458007812e+01 2.755087661743164062e+01
5.257666778564453125e+01 3.464714431762695312e+01 2.728647994995117188e+01
5.277816390991210938e+01 3.418335723876953125e+01 2.743113517761230469e+01
4.961801147460937500e+01 3.511746597290039062e+01 2.757274818420410156e+01
4.923661422729492188e+01 3.536198425292968750e+01 2.770893096923828125e+01
4.890874481201171875e+01 3.549417495727539062e+01 2.801469230651855469e+01
4.872393798828125000e+01 3.589106750488281250e+01 2.843018913269042969e+01
4.870492553710937500e+01 3.608441162109375000e+01 2.865597152709960938e+01
5.068040084838867188e+01 3.475619506835937500e+01 2.745153999328613281e+01
5.128427505493164062e+01 3.415234756469726562e+01 2.749785995483398438e+01
5.230996322631835938e+01 3.413777542114257812e+01 2.754998588562011719e+01
5.155995941162109375e+01 3.416135025024414062e+01 2.748704910278320312e+01
4.953768157958984375e+01 3.495718383789062500e+01 2.769386482238769531e+01
4.880810165405273438e+01 3.540150833129882812e+01 3.359101867675781250e+01
4.877806091308593750e+01 3.548280334472656250e+01 2.823472213745117188e+01
4.870118713378906250e+01 3.614433670043945312e+01 2.878322219848632812e+01
5.213631057739257812e+01 3.406065750122070312e+01 2.763681411743164062e+01
4.881103515625000000e+01 3.546205139160156250e+01 2.822824859619140625e+01
5.114819335937500000e+01 3.452519989013671875e+01 2.740285682678222656e+01
5.342194747924804688e+01 3.464070510864257812e+01 2.727706336975097656e+01
5.077351379394531250e+01 3.417188644409179688e+01 2.768789482116699219e+01
4.967300415039062500e+01 3.511188125610351562e+01 2.753936576843261719e+01
4.885930252075195312e+01 3.527681732177734375e+01 2.802705192565917969e+01
4.872790145874023438e+01 3.585750198364257812e+01 2.838897323608398438e+01
